algo_name: RNaD_2000
game_name: leduc
game_str: leduc 
metric: nash_conv
smoothing_window: -1
wm_warmup_env_step: 1152000.0
uniform_nash_conv: 0.36517097956190625
seed: 42
steps: 0.0 576000.0 1152000.0 1728000.0 2304000.0 2880000.0 3456000.0 4032000.0 4608000.0 5184000.0 5760000.0
values: 0.36517097956190625 0.1986280890874697 0.1452434676733721 0.10862998773000529 0.08480998287458653 0.06716886952277126 0.057550326607492215 0.05371466634073252 0.058330912061010404 0.06717196155474237 0.08080281287691912
seed: 99
steps: 0.0 576000.0 1152000.0 1728000.0 2304000.0 2880000.0 3456000.0 4032000.0 4608000.0 5184000.0 5760000.0
values: 0.36517097956190625 0.2041669233856515 0.14862529884161263 0.1079225913375262 0.09796213523990538 0.0865263133757457 0.073540849531062 0.06854126149263381 0.061806607003020334 0.07588915574979223 0.1042097196229696
seed: 160
steps: 0.0 576000.0 1152000.0 1728000.0 2304000.0 2880000.0 3456000.0 4032000.0 4608000.0 5184000.0 5760000.0
values: 0.36517097956190625 0.1850475811080159 0.12444405787953484 0.09671916770124125 0.07384520924155515 0.06033522957235048 0.059008223729428384 0.07695527704275168 0.06551693145643295 0.08837736071461028 0.08923524771838766
seed: 308
steps: 0.0 576000.0 1152000.0 1728000.0 2304000.0 2880000.0 3456000.0 4032000.0 4608000.0 5184000.0 5760000.0
values: 0.36517097956190625 0.1916994334147586 0.15068290059654185 0.11143788085253202 0.08823949310885786 0.07063598765641124 0.0603897524183012 0.053910482694595745 0.07183785234671103 0.08026208263871987 0.11489706356864704
seed: 150
steps: 0.0 576000.0 1152000.0 1728000.0 2304000.0 2880000.0 3456000.0 4032000.0 4608000.0 5184000.0 5760000.0
values: 0.36517097956190625 0.18823440462558785 0.13778145468193936 0.10351296406892749 0.08509618553172707 0.0672787770426129 0.05850946708087272 0.058914029009727246 0.0901618534490696 0.10539559589348935 0.1090410179072599
seed: 999
steps: 0.0 576000.0 1152000.0 1728000.0 2304000.0 2880000.0 3456000.0 4032000.0 4608000.0 5184000.0 5760000.0
values: 0.36517097956190625 0.19987406483090384 0.1402467884287436 0.10729254755997915 0.0900601191974004 0.07584292762125244 0.06737883086426963 0.05759882153610883 0.07510373079766919 0.09337492015852669 0.10070422217738287
seed: 616
steps: 0.0 576000.0 1152000.0 1728000.0 2304000.0 2880000.0 3456000.0 4032000.0 4608000.0 5184000.0 5760000.0
values: 0.36517097956190625 0.20200803144940632 0.1309786209039015 0.09505903994822879 0.0792304534510179 0.06268529628727929 0.04983778320558096 0.05412976925113522 0.08388174310223911 0.11687062674249732 0.11792290320253256
seed: 19
steps: 0.0 576000.0 1152000.0 1728000.0 2304000.0 2880000.0 3456000.0 4032000.0 4608000.0 5184000.0 5760000.0
values: 0.36517097956190625 0.17426994442339783 0.12974242593159363 0.10358947691317116 0.07711542049166917 0.06153798458290746 0.05982891450887832 0.058752610866645884 0.06418199868587372 0.07000689903340128 0.08246929010359125
seed: 1000
steps: 0.0 576000.0 1152000.0 1728000.0 2304000.0 2880000.0 3456000.0 4032000.0 4608000.0 5184000.0 5760000.0
values: 0.36517097956190625 0.20442335490507185 0.1418363351940639 0.10759827844416137 0.08623599359632625 0.07688064853039842 0.06651568713920726 0.05740337823649177 0.05288290718582414 0.06248465762687911 0.06945364531721279
seed: 513
steps: 0.0 576000.0 1152000.0 1728000.0 2304000.0 2880000.0 3456000.0 4032000.0 4608000.0 5184000.0 5760000.0
values: 0.36517097956190625 0.19548198096859187 0.13999183582419772 0.0970293674525568 0.08382981154834969 0.07470781173171161 0.07367411861461068 0.08143941743758745 0.1014741246556031 0.10426722504808977 0.1021413814733226
