algo_name: NashDreamerMMD
game_name: leduc
game_str: leduc 
metric: nash_conv
smoothing_window: -1
wm_warmup_env_step: 576000.0
uniform_nash_conv: 0.36517097956190625
seed: 42
steps: 0.0 576000.0 1152000.0 1728000.0 2304000.0 2880000.0 3456000.0 4032000.0 4608000.0 5184000.0 5760000.0 6336000.0 6912000.0 7488000.0 8064000.0 8640000.0 9216000.0 9792000.0 10368000.0 10944000.0 11520000.0 12096000.0 12672000.0 13248000.0 13824000.0 14400000.0 14976000.0 15552000.0 16128000.0 16704000.0 17280000.0
values: 0.36517097956190625 0.1755027284873441 0.09754156636044906 0.10712390303483696 0.07604432728285229 0.0862672504498602 0.08206482865687251 0.11082852997157026 0.07179266815448256 0.08592481103962021 0.08444650142335787 0.06700117224115473 0.08500529877300916 0.08046143348202084 0.09156724015671944 0.07138398152012758 0.08806734531114485 0.07875522817183564 0.07035659337729758 0.07043935897067631 0.08027337691452287 0.07144103314703847 0.07696275710727563 0.08231772394372952 0.07957340961198782 0.07293456208471255 0.0765056294297951 0.0818865963569256 0.07051989361327868 0.08113522282282154 0.08501438116148571
seed: 99
steps: 0.0 576000.0 1152000.0 1728000.0 2304000.0 2880000.0 3456000.0 4032000.0 4608000.0 5184000.0 5760000.0 6336000.0 6912000.0 7488000.0 8064000.0 8640000.0 9216000.0 9792000.0 10368000.0 10944000.0 11520000.0 12096000.0 12672000.0 13248000.0 13824000.0 14400000.0 14976000.0 15552000.0 16128000.0 16704000.0 17280000.0
values: 0.36517097956190625 0.1432096391314973 0.10224671783879308 0.09421129590044873 0.07114785974852031 0.07289974795427115 0.0930604410250016 0.07910937924542484 0.06799308844958572 0.09170509603147602 0.07003454838649018 0.06689175549253853 0.07347805929545091 0.0650135839953907 0.07044534331820285 0.08052814539905678 0.07177311999902053 0.0844409805740666 0.07361492096699057 0.08072879734421508 0.06309705400131785 0.07324186482771988 0.08143204839973472 0.06597411296799809 0.06377038596393107 0.07511490985390484 0.07414539058817826 0.07072290222343311 0.07891771399002358 0.06922848959094295 0.08206197816515043
seed: 150
steps: 0.0 576000.0 1152000.0 1728000.0 2304000.0 2880000.0 3456000.0 4032000.0 4608000.0 5184000.0 5760000.0 6336000.0 6912000.0 7488000.0 8064000.0 8640000.0 9216000.0 9792000.0 10368000.0 10944000.0 11520000.0 12096000.0 12672000.0 13248000.0 13824000.0 14400000.0 14976000.0 15552000.0 16128000.0 16704000.0 17280000.0
values: 0.36517097956190625 0.15435122980992785 0.07845830248249043 0.09227624469943387 0.10958364744911564 0.10166065391385232 0.07589687316572419 0.084632438689095 0.07599232120848279 0.08729973778486366 0.06859716322044501 0.0696317363100463 0.07198073325814658 0.08093871857797763 0.07176562726554728 0.08042576598296086 0.09191618987761417 0.08109211945358931 0.09756681529735753 0.08223889692762532 0.06571143164921242 0.08458058047805031 0.073377697159898 0.07547030195615399 0.07503249456851505 0.0671735124024604 0.07499281705205901 0.09669801667902805 0.06523671560515967 0.061632074384975324 0.06592355661497432
seed: 160
steps: 0.0 576000.0 1152000.0 1728000.0 2304000.0 2880000.0 3456000.0 4032000.0 4608000.0 5184000.0 5760000.0 6336000.0 6912000.0 7488000.0 8064000.0 8640000.0 9216000.0 9792000.0 10368000.0 10944000.0 11520000.0 12096000.0 12672000.0 13248000.0 13824000.0 14400000.0 14976000.0 15552000.0 16128000.0 16704000.0 17280000.0
values: 0.36517097956190625 0.22409354096306672 0.08551333904554359 0.11029813258765415 0.09655941415099531 0.08660257814068631 0.06620377119698945 0.08896647498185999 0.07867745289442946 0.08455561571391897 0.06891341678100003 0.06926934938833637 0.06578108889344902 0.07086967507685452 0.0836170279207899 0.08770889720371713 0.09038081985159321 0.0936479522318113 0.07496270969566766 0.08503938111874175 0.06830874453065469 0.07815241066074438 0.0841654355552917 0.07550888823807766 0.0776924555175454 0.07224890422238114 0.09248221608936562 0.08480362532432709 0.08727751404500542 0.10117333238563701 0.06555930308725383
seed: 308
steps: 0.0 576000.0 1152000.0 1728000.0 2304000.0 2880000.0 3456000.0 4032000.0 4608000.0 5184000.0 5760000.0 6336000.0 6912000.0 7488000.0 8064000.0 8640000.0 9216000.0 9792000.0 10368000.0 10944000.0 11520000.0 12096000.0 12672000.0 13248000.0 13824000.0 14400000.0 14976000.0 15552000.0 16128000.0 16704000.0 17280000.0
values: 0.36517097956190625 0.17080518811579848 0.08893840318939 0.07310093199321703 0.11295656899179635 0.08336952283987122 0.09551168570665439 0.07293184534656744 0.0689809049929084 0.08125406258794232 0.07978575473634159 0.07583952509627594 0.058741930575851684 0.07638296145336128 0.07030848648509033 0.06626237360459152 0.06963144746580749 0.06273686197909242 0.07758791352241753 0.08068426991233918 0.07488864211301824 0.07761673554593318 0.07637552707459448 0.06631629539694854 0.07999420490910614 0.06337204772194373 0.08167726988046776 0.07576257261397709 0.07713274333154352 0.07148758552841035 0.07576378824316896
seed: 616
steps: 0.0 576000.0 1152000.0 1728000.0 2304000.0 2880000.0 3456000.0 4032000.0 4608000.0 5184000.0 5760000.0 6336000.0 6912000.0 7488000.0 8064000.0 8640000.0 9216000.0 9792000.0 10368000.0 10944000.0 11520000.0 12096000.0 12672000.0 13248000.0 13824000.0 14400000.0 14976000.0 15552000.0 16128000.0 16704000.0 17280000.0
values: 0.36517097956190625 0.12503835705122252 0.08278590963533056 0.07823878543502105 0.09838137923381951 0.08059231969252786 0.07479037281479521 0.0817658489216786 0.06611906781705301 0.08367887910805166 0.08986575483546276 0.09031825370221674 0.08638587874952275 0.07294442820037872 0.07225890116628815 0.0746980676398855 0.06571187553486552 0.07235953489636196 0.07166307047509797 0.07509896455893757 0.06565441018568355 0.08104812081275847 0.07008062813530672 0.08392447282605012 0.0687545887716176 0.07964820571003109 0.06910947975418698 0.07575903881488663 0.08390411650150423 0.06835832633593011 0.07011252182634731
seed: 999
steps: 0.0 576000.0 1152000.0 1728000.0 2304000.0 2880000.0 3456000.0 4032000.0 4608000.0 5184000.0 5760000.0 6336000.0 6912000.0 7488000.0 8064000.0 8640000.0 9216000.0 9792000.0 10368000.0 10944000.0 11520000.0 12096000.0 12672000.0 13248000.0 13824000.0 14400000.0 14976000.0 15552000.0 16128000.0 16704000.0 17280000.0
values: 0.36517097956190625 0.13862803213104646 0.09316736857152222 0.09276909326316005 0.10623153578393962 0.08705453317899442 0.09269162991854404 0.0960889662318147 0.07134056638852569 0.07452226709657865 0.09947428234764324 0.07795357451447307 0.0856547667139474 0.08773939320732801 0.07330186499957353 0.0758800273740424 0.09326295722293976 0.0746747473488214 0.07696506187328633 0.07963019785220425 0.09920486496284313 0.0755295893282488 0.0884722173533774 0.08757957232811009 0.08853167959319662 0.07954176983577846 0.07758901824933723 0.08997109264023413 0.0945727287842672 0.08488316823396871 0.07035121193548217
seed: 19
steps: 0.0 576000.0 1152000.0 1728000.0 2304000.0 2880000.0 3456000.0 4032000.0 4608000.0 5184000.0 5760000.0 6336000.0 6912000.0 7488000.0 8064000.0 8640000.0 9216000.0 9792000.0 10368000.0 10944000.0 11520000.0 12096000.0 12672000.0 13248000.0 13824000.0 14400000.0 14976000.0 15552000.0 16128000.0 16704000.0 17280000.0
values: 0.36517097956190625 0.1409339935011176 0.07909061051822816 0.10169229494361669 0.07913661942276529 0.08408419800664581 0.07756739104605172 0.10091322253774962 0.11144909558511162 0.0782998994990939 0.08488368434534517 0.06683110577303004 0.0790882535233651 0.09031761564262719 0.08367947337348526 0.07823111322577789 0.059844736590535935 0.06034272689183852 0.06669812517861859 0.07649264818935005 0.07107143462108244 0.08251671291702012 0.07023179972760653 0.06849998331039742 0.07162571556983804 0.06641718062800606 0.06702135928056908 0.08499572499900121 0.06873224926582422 0.07740785105591891 0.0655281276014007
seed: 1000
steps: 0.0 576000.0 1152000.0 1728000.0 2304000.0 2880000.0 3456000.0 4032000.0 4608000.0 5184000.0 5760000.0 6336000.0 6912000.0 7488000.0 8064000.0 8640000.0 9216000.0 9792000.0 10368000.0 10944000.0 11520000.0 12096000.0 12672000.0 13248000.0 13824000.0 14400000.0 14976000.0 15552000.0 16128000.0 16704000.0 17280000.0
values: 0.36517097956190625 0.14706498570265017 0.10417133606079623 0.10098764161930918 0.08058795957579891 0.07958463372847807 0.09783925840177657 0.07805934803046818 0.09808310008453167 0.08074822948537005 0.058750800255855634 0.08042031163951414 0.06747255699389343 0.0707099273342801 0.06452151263769124 0.08211561091775285 0.06112438163864247 0.07648778542734505 0.0735453886226237 0.06557502511234176 0.0708149290894479 0.07338979883811661 0.08484302835824245 0.08293623330229181 0.09099741302124262 0.0688165146942736 0.07075695596430409 0.07648474550926723 0.07914002961075847 0.06565953187966213 0.06637489454132478
seed: 513
steps: 0.0 576000.0 1152000.0 1728000.0 2304000.0 2880000.0 3456000.0 4032000.0 4608000.0 5184000.0 5760000.0 6336000.0 6912000.0 7488000.0 8064000.0 8640000.0 9216000.0 9792000.0 10368000.0 10944000.0 11520000.0 12096000.0 12672000.0 13248000.0 13824000.0 14400000.0 14976000.0 15552000.0 16128000.0 16704000.0 17280000.0
values: 0.36517097956190625 0.1780846679221731 0.11159072690018747 0.10131480346588641 0.08130647333553764 0.07774892842597805 0.06708941140850674 0.0792272979055953 0.08831923827803839 0.08826018704787758 0.07372587723240384 0.09408137425014748 0.08409553209142173 0.08205403687331814 0.07475372259963403 0.06907083454486411 0.0768169015962144 0.07209189972829252 0.0769871769027915 0.08147795313224697 0.09587108704710216 0.0749977282200869 0.05934643072072662 0.08303677463382912 0.09283057065802247 0.08411620147610731 0.07564544071846205 0.08884049058661221 0.08891365636620438 0.08352635424135224 0.07078256949094247
