algo_name: NashDreamerMMD
game_name: phantom_ttt
game_str: phantom_ttt 
metric: nash_conv
smoothing_window: -1
wm_warmup_env_step: 2304000.0
uniform_nash_conv: 1.577464
seed: 19
steps: 0.0 1152000.0 2304000.0 3456000.0 4608000.0 5760000.0 6912000.0 8064000.0 9216000.0 10368000.0 11520000.0 12672000.0 13824000.0 14976000.0 16128000.0 17280000.0 18432000.0 19584000.0 20736000.0 21888000.0 23040000.0 24192000.0 25344000.0 26496000.0 27648000.0 28800000.0 29952000.0 31104000.0 32256000.0 33408000.0 34560000.0
values: 1.577464 1.220601 1.08642 0.829342 0.701442 0.690713 0.587628 0.607206 0.599061 0.548811 0.59755 0.559788 0.537701 0.541606 0.54691 0.58249 0.611222 0.481032 0.45662 0.502065 0.468838 0.441003 0.494016 0.498836 0.492312 0.453966 0.470066 0.493267 0.45786 0.467663 0.486287
expl_p0: 0.921164 0.667098 0.608197 0.459568 0.336829 0.338455 0.268606 0.290522 0.285874 0.267598 0.254934 0.27203 0.249847 0.254166 0.244308 0.267437 0.332763 0.215939 0.202446 0.224383 0.192548 0.207274 0.230447 0.238288 0.24953 0.221483 0.239773 0.218119 0.20863 0.245773 0.238275
expl_p1: 0.6563 0.553503 0.478223 0.369774 0.364613 0.352258 0.319022 0.316684 0.313187 0.281213 0.342616 0.287757 0.287854 0.28744 0.302601 0.315053 0.27846 0.265093 0.254174 0.277683 0.276291 0.23373 0.263569 0.260548 0.242783 0.232483 0.230293 0.275148 0.24923 0.221891 0.248011
seconds: 197.3 187.1 187.8 165.5 199.4 179.1 207.3 279.2 198.7 169.8 193.1 198.3 194.9 198.2 177.2 174.8 185.9 180.4 187.9 188.5 175.5 173.9 194.0 180.6 176.5 171.6 195.7 183.5 178.6 183.6 202.9
seed: 42
steps: 0.0 1152000.0 2304000.0 3456000.0 4608000.0 5760000.0 6912000.0 11520000.0 12672000.0 13824000.0 14976000.0 16128000.0 17280000.0 18432000.0 19584000.0 20736000.0 21888000.0 23040000.0 24192000.0 25344000.0 26496000.0 27648000.0 28800000.0 29952000.0 31104000.0 32256000.0 33408000.0 34560000.0
values: 1.577464 1.229461 1.161358 0.891652 0.644537 0.678349 0.576945 0.578942 0.610951 0.482387 0.495471 0.488908 0.561519 0.45552 0.438356 0.47744 0.519675 0.477138 0.492739 0.447423 0.479722 0.412563 0.54438 0.45124 0.493031 0.455632 0.425453 0.443194
expl_p0: 0.921164 0.655014 0.667538 0.506052 0.325788 0.348699 0.320611 0.265292 0.326784 0.229414 0.203119 0.238094 0.286455 0.191485 0.207085 0.21988 0.231498 0.210562 0.229721 0.198676 0.229102 0.200268 0.264857 0.195747 0.236297 0.207844 0.181867 0.222767
expl_p1: 0.6563 0.574447 0.49382 0.3856 0.318749 0.32965 0.256334 0.31365 0.284167 0.252972 0.292352 0.250814 0.275064 0.264035 0.231272 0.257561 0.288177 0.266576 0.263018 0.248747 0.25062 0.212295 0.279524 0.255493 0.256734 0.247788 0.243586 0.220427
seconds: 253.9 291.1 246.1 229.8 222.3 223.4 234.1 265.0 275.8 264.0 274.6 247.6 250.2 257.6 242.3 235.5 277.9 245.1 239.7 249.4 241.7 243.5 250.2 244.9 237.4 244.4 236.5 224.7
seed: 99
steps: 0.0 1152000.0 2304000.0 3456000.0 4608000.0 5760000.0 11520000.0 12672000.0 13824000.0 14976000.0 16128000.0 17280000.0 18432000.0 19584000.0 20736000.0 21888000.0 23040000.0 24192000.0 25344000.0 26496000.0 27648000.0 28800000.0 29952000.0 31104000.0 32256000.0 33408000.0 34560000.0
values: 1.577464 1.232973 1.190938 0.86316 0.720048 0.632506 0.640485 0.504544 0.45753 0.55499 0.475364 0.497391 0.541691 0.469682 0.500318 0.516167 0.467377 0.469482 0.544192 0.443698 0.503681 0.457622 0.452902 0.462918 0.511782 0.42047 0.499468
expl_p0: 0.921164 0.67026 0.656619 0.470817 0.379432 0.349262 0.315399 0.225357 0.199499 0.25596 0.228978 0.21775 0.257696 0.208823 0.245227 0.240712 0.213406 0.204828 0.263415 0.207659 0.231409 0.219337 0.198517 0.182979 0.229641 0.198937 0.264193
expl_p1: 0.6563 0.562713 0.534319 0.392344 0.340616 0.283244 0.325085 0.279187 0.258031 0.29903 0.246386 0.279641 0.283996 0.260859 0.255092 0.275455 0.253971 0.264654 0.280777 0.236039 0.272272 0.238285 0.254385 0.279939 0.282141 0.221533 0.235275
seconds: 286.4 305.0 265.5 245.3 236.7 239.1 273.6 280.7 268.5 268.9 259.0 257.6 269.2 239.6 242.1 258.7 258.8 254.2 236.2 251.5 242.1 237.4 248.2 293.2 251.9 246.8 231.0
seed: 150
steps: 0.0 1152000.0 2304000.0 3456000.0 4608000.0 5760000.0 6912000.0 8064000.0 9216000.0 10368000.0 11520000.0 12672000.0 13824000.0 14976000.0 16128000.0 17280000.0 18432000.0 19584000.0 20736000.0 21888000.0 23040000.0 24192000.0 25344000.0 26496000.0 27648000.0 28800000.0 29952000.0 31104000.0 32256000.0 33408000.0 34560000.0
values: 1.577464 1.313338 1.126375 0.83737 0.674451 0.669293 0.693535 0.553779 0.570135 0.570708 0.474628 0.541577 0.570612 0.604586 0.488931 0.520902 0.505821 0.450612 0.478298 0.478574 0.430399 0.482586 0.453426 0.4984 0.480842 0.503809 0.506887 0.466485 0.436903 0.475217 0.440849
expl_p0: 0.921164 0.785378 0.620953 0.427533 0.364685 0.324567 0.358755 0.264532 0.297722 0.298227 0.220097 0.284754 0.280255 0.290218 0.218687 0.234022 0.245394 0.200413 0.217617 0.22845 0.192524 0.217535 0.20618 0.231519 0.234726 0.23151 0.239797 0.227157 0.197409 0.231493 0.175383
expl_p1: 0.6563 0.52796 0.505423 0.409837 0.309766 0.344726 0.33478 0.289247 0.272413 0.272481 0.254531 0.256823 0.290358 0.314368 0.270244 0.286881 0.260427 0.250199 0.260681 0.250124 0.237875 0.265052 0.247247 0.266881 0.246116 0.272299 0.267089 0.239328 0.239494 0.243724 0.265466
seconds: 163.1 172.6 173.2 170.5 190.0 170.3 186.3 176.2 191.0 164.5 208.1 177.1 170.2 185.2 189.3 187.1 170.3 185.2 188.4 218.2 180.3 201.1 191.2 198.3 203.8 181.3 191.8 177.7 162.7 165.5 167.6
seed: 160
steps: 0.0 1152000.0 2304000.0 3456000.0 4608000.0 5760000.0 6912000.0 8064000.0 9216000.0 10368000.0 11520000.0 12672000.0 13824000.0 14976000.0 16128000.0 17280000.0 18432000.0 19584000.0 20736000.0 21888000.0 23040000.0 24192000.0 25344000.0 26496000.0 27648000.0 28800000.0 29952000.0 31104000.0 32256000.0 33408000.0 34560000.0
values: 1.577464 1.200809 1.175611 0.811484 0.675017 0.635378 0.647976 0.649976 0.489011 0.53325 0.553358 0.531863 0.529056 0.547251 0.541581 0.462222 0.477479 0.478595 0.55529 0.488355 0.410789 0.476243 0.471552 0.516048 0.460297 0.479811 0.46842 0.506688 0.435702 0.433181 0.412329
expl_p0: 0.921164 0.654198 0.683073 0.440144 0.358783 0.31504 0.318968 0.34714 0.210855 0.252814 0.262247 0.240546 0.228041 0.24768 0.241431 0.197894 0.226052 0.218804 0.243237 0.237188 0.1762 0.215321 0.206755 0.254733 0.213591 0.217129 0.192585 0.227376 0.167461 0.190399 0.196411
expl_p1: 0.6563 0.546611 0.492538 0.37134 0.316233 0.320338 0.329007 0.302836 0.278155 0.280437 0.291111 0.291316 0.301016 0.299571 0.30015 0.264328 0.251427 0.259791 0.312053 0.251167 0.234588 0.260922 0.264797 0.261316 0.246706 0.262682 0.275836 0.279312 0.268242 0.242782 0.215918
seconds: 203.6 194.4 180.4 187.3 190.0 213.4 206.3 200.2 194.4 185.5 206.9 207.1 202.4 185.3 188.8 190.4 243.8 191.6 191.8 204.6 216.3 206.7 197.8 203.9 199.3 182.7 180.7 188.0 192.7 196.6 193.8
seed: 308
steps: 0.0 1152000.0 2304000.0 3456000.0 4608000.0 5760000.0 6912000.0 11520000.0 12672000.0 13824000.0 14976000.0 16128000.0 17280000.0 18432000.0 19584000.0 20736000.0 21888000.0 23040000.0 24192000.0 25344000.0 26496000.0 27648000.0 28800000.0 29952000.0 31104000.0 32256000.0 33408000.0 34560000.0
values: 1.577464 1.250248 1.094339 0.79043 0.703306 0.614607 0.627867 0.564162 0.535815 0.4972 0.563583 0.523554 0.510249 0.560295 0.489524 0.528744 0.467744 0.489718 0.446039 0.434485 0.545344 0.47382 0.475302 0.436807 0.466944 0.531389 0.462931 0.545131
expl_p0: 0.921164 0.70808 0.585141 0.394841 0.343411 0.288047 0.309152 0.264638 0.221343 0.227262 0.261168 0.247002 0.246065 0.266599 0.227407 0.248366 0.204858 0.23213 0.19067 0.193583 0.259763 0.186679 0.228185 0.21884 0.230838 0.249569 0.212533 0.2886
expl_p1: 0.6563 0.542168 0.509199 0.395588 0.359895 0.32656 0.318715 0.299524 0.314472 0.269938 0.302415 0.276552 0.264184 0.293695 0.262117 0.280378 0.262886 0.257588 0.255369 0.240902 0.285581 0.28714 0.247116 0.217967 0.236106 0.281819 0.250398 0.256531
seconds: 262.4 299.4 263.2 247.3 230.4 245.1 239.1 257.4 260.0 258.2 248.8 253.5 238.4 264.2 269.4 249.1 280.4 252.6 231.8 244.6 248.7 249.6 262.0 239.0 276.3 239.4 233.9 230.8
seed: 513
steps: 0.0 1152000.0 2304000.0 3456000.0 11520000.0 12672000.0 13824000.0 14976000.0 16128000.0 17280000.0 18432000.0 19584000.0 20736000.0 21888000.0 23040000.0 24192000.0 25344000.0 26496000.0 27648000.0 28800000.0 29952000.0 31104000.0 32256000.0 33408000.0
values: 1.577464 1.154556 1.11509 0.809395 0.487332 0.478931 0.603811 0.559312 0.543884 0.505462 0.574904 0.451547 0.467062 0.554135 0.500593 0.52904 0.453849 0.477369 0.503115 0.440701 0.478967 0.475141 0.439388 0.45092
expl_p0: 0.921164 0.585685 0.619337 0.42535 0.224896 0.20577 0.278375 0.274208 0.262072 0.244466 0.278478 0.181482 0.217524 0.261656 0.240662 0.286848 0.209473 0.206971 0.230189 0.208855 0.205474 0.24439 0.18541 0.206719
expl_p1: 0.6563 0.568872 0.495753 0.384045 0.262436 0.273161 0.325436 0.285104 0.281812 0.260996 0.296426 0.270066 0.249538 0.292479 0.259931 0.242193 0.244376 0.270398 0.272926 0.231846 0.273493 0.230751 0.253978 0.244201
seconds: 193.6 180.0 194.8 181.0 191.4 204.3 193.1 180.0 176.0 185.2 169.0 187.2 187.0 200.1 178.6 188.1 204.3 178.2 180.2 166.8 178.6 184.2 182.1 178.2
seed: 616
steps: 0.0 1152000.0 2304000.0 3456000.0 4608000.0 5760000.0 6912000.0 11520000.0 12672000.0 13824000.0 14976000.0 16128000.0 17280000.0 18432000.0 19584000.0 20736000.0 21888000.0 23040000.0 24192000.0 25344000.0 26496000.0 27648000.0 28800000.0 29952000.0 31104000.0 32256000.0 33408000.0 34560000.0
values: 1.577464 1.292417 1.138773 0.794102 0.694062 0.632774 0.628047 0.569182 0.510113 0.549241 0.456218 0.505104 0.486004 0.532461 0.411727 0.478928 0.4975 0.495254 0.426966 0.491362 0.537062 0.410024 0.466601 0.47887 0.418559 0.478637 0.494574 0.458713
expl_p0: 0.921164 0.729344 0.63268 0.395715 0.356925 0.312701 0.317277 0.257696 0.234766 0.241915 0.193562 0.230958 0.210748 0.273552 0.178096 0.205077 0.216182 0.21132 0.203327 0.22216 0.261264 0.184841 0.225808 0.236131 0.195634 0.20657 0.240371 0.235517
expl_p1: 0.6563 0.563073 0.506093 0.398387 0.337137 0.320074 0.31077 0.311486 0.275347 0.307326 0.262657 0.274147 0.275255 0.258909 0.233631 0.273851 0.281318 0.283933 0.223639 0.269202 0.275798 0.225183 0.240793 0.242738 0.222926 0.272067 0.254203 0.223196
seconds: 254.2 290.8 263.8 230.5 226.8 227.3 224.9 265.1 277.8 252.3 271.4 253.5 255.8 265.8 248.6 239.4 280.0 249.9 256.5 244.9 246.6 244.7 259.9 257.2 296.4 242.1 238.5 223.4
seed: 999
steps: 0.0 1152000.0 2304000.0 3456000.0 4608000.0 5760000.0 6912000.0 8064000.0 9216000.0 10368000.0 11520000.0 12672000.0 13824000.0 14976000.0 16128000.0 17280000.0 18432000.0 19584000.0 20736000.0 21888000.0 23040000.0 24192000.0 25344000.0 26496000.0 27648000.0 28800000.0 29952000.0 31104000.0 32256000.0 33408000.0 34560000.0
values: 1.577464 1.217449 1.047284 0.783513 0.694156 0.571917 0.54365 0.589946 0.532967 0.595185 0.539762 0.552701 0.574323 0.526942 0.474241 0.52134 0.536944 0.534264 0.524689 0.564147 0.4696 0.463711 0.466887 0.492291 0.541145 0.502062 0.490525 0.48513 0.506603 0.429533 0.462619
expl_p0: 0.921164 0.66431 0.566498 0.420319 0.341978 0.270743 0.254911 0.293624 0.249581 0.267385 0.247363 0.272595 0.28845 0.209823 0.210439 0.259115 0.234007 0.26765 0.251403 0.291247 0.217104 0.208408 0.221701 0.23234 0.250351 0.218269 0.232911 0.220062 0.242329 0.182062 0.213193
expl_p1: 0.6563 0.553139 0.480787 0.363194 0.352178 0.301174 0.288739 0.296322 0.283385 0.3278 0.292399 0.280106 0.285872 0.317119 0.263802 0.262225 0.302937 0.266614 0.273286 0.2729 0.252496 0.255303 0.245186 0.259951 0.290794 0.283793 0.257614 0.265068 0.264274 0.247471 0.249426
seconds: 235.5 243.2 177.6 224.2 192.1 176.7 175.6 209.1 208.6 178.6 173.2 166.1 192.4 176.5 188.3 187.3 168.2 164.2 160.3 184.0 158.4 165.6 167.2 192.9 173.5 186.9 160.6 183.5 162.9 230.3 182.0
seed: 1000
steps: 0.0 1152000.0 2304000.0 3456000.0 4608000.0 5760000.0 6912000.0 8064000.0 9216000.0 10368000.0 11520000.0 12672000.0 13824000.0 14976000.0 16128000.0 17280000.0 18432000.0 19584000.0 20736000.0 21888000.0 23040000.0 24192000.0 25344000.0 26496000.0 27648000.0 28800000.0 29952000.0 31104000.0 32256000.0 33408000.0 34560000.0
values: 1.577464 1.341655 1.12394 0.806335 0.676295 0.688354 0.629252 0.59182 0.582853 0.558282 0.49231 0.523757 0.461233 0.572273 0.578095 0.504314 0.471477 0.489383 0.484715 0.455636 0.490224 0.454635 0.436472 0.458126 0.537377 0.463614 0.484903 0.462901 0.517063 0.463673 0.468813
expl_p0: 0.921164 0.750352 0.599305 0.403321 0.341669 0.377176 0.326174 0.284805 0.276983 0.245052 0.200586 0.231143 0.201942 0.299255 0.306609 0.231018 0.226363 0.22812 0.214473 0.207166 0.219793 0.196098 0.227406 0.194774 0.268542 0.196679 0.233667 0.195553 0.237798 0.198872 0.212803
expl_p1: 0.6563 0.591303 0.524635 0.403014 0.334626 0.311178 0.303078 0.307015 0.30587 0.313231 0.291724 0.292614 0.259291 0.273019 0.271486 0.273296 0.245113 0.261263 0.270242 0.24847 0.270431 0.258538 0.209066 0.263352 0.268834 0.266935 0.251236 0.267349 0.279266 0.264801 0.25601
seconds: 185.0 158.9 172.6 186.1 178.6 189.1 180.3 181.3 198.1 172.8 180.1 194.6 166.6 178.7 183.8 188.5 173.1 189.7 179.4 188.4 191.8 188.6 191.2 207.6 176.0 193.0 204.1 189.3 175.8 170.8 180.5
