algo_name: NashDreamer
game_name: phantom_ttt
game_str: phantom_ttt 
metric: nash_conv
smoothing_window: -1
wm_warmup_env_step: 2304000.0
uniform_nash_conv: 1.577464
seed: 19
steps: 0.0 1152000.0 2304000.0 3456000.0 4608000.0 5760000.0 6912000.0 8064000.0 9216000.0 10368000.0 11520000.0 12672000.0 13824000.0 14976000.0 16128000.0 17280000.0 18432000.0 19584000.0 20736000.0 21888000.0 23040000.0 24192000.0 25344000.0 26496000.0 27648000.0 28800000.0 29952000.0 31104000.0 32256000.0 33408000.0 34560000.0
values: 1.577464 1.515916 1.306535 0.904849 0.722617 0.641541 0.58274 0.480039 0.427809 0.427254 0.454366 0.444578 0.405418 0.438289 0.457104 0.481481 0.436662 0.420009 0.414828 0.394699 0.444322 0.428944 0.499105 0.432538 0.385228 0.349961 0.315935 0.275802 0.31317 0.278565 0.22372
expl_p0: 0.921164 0.806214 0.652798 0.482691 0.44278 0.445653 0.434474 0.335083 0.327622 0.297263 0.298466 0.332098 0.278082 0.24127 0.214194 0.226774 0.178485 0.181078 0.147829 0.152904 0.219299 0.219337 0.292 0.240977 0.232204 0.180689 0.182624 0.16024 0.171097 0.131309 0.127876
expl_p1: 0.6563 0.709702 0.653737 0.422158 0.279837 0.195888 0.148265 0.144956 0.100187 0.129992 0.1559 0.11248 0.127336 0.197019 0.24291 0.254707 0.258177 0.238931 0.266998 0.241795 0.225023 0.209607 0.207105 0.191562 0.153023 0.169272 0.133311 0.115562 0.142073 0.147256 0.095844
seconds: 179.1 179.0 165.4 169.9 172.4 166.0 171.6 159.9 181.5 198.2 190.7 181.6 188.1 181.3 163.9 169.3 176.9 173.9 182.2 179.9 162.8 160.2 187.0 176.9 185.1 184.1 185.9 186.0 216.6 186.9 167.4
seed: 42
steps: 0.0 1152000.0 2304000.0 3456000.0 4608000.0 5760000.0 6912000.0 8064000.0 9216000.0 10368000.0 11520000.0 12672000.0 13824000.0 14976000.0 16128000.0 17280000.0 18432000.0 19584000.0 20736000.0 21888000.0 23040000.0 24192000.0 25344000.0 26496000.0 27648000.0 28800000.0 29952000.0 31104000.0 32256000.0 33408000.0 34560000.0
values: 1.577464 1.491496 1.316824 0.912282 0.783081 0.650318 0.587855 0.526996 0.42841 0.419211 0.48243 0.542722 0.531114 0.501571 0.42015 0.425094 0.389818 0.381857 0.354987 0.399816 0.355958 0.331998 0.301062 0.319673 0.331694 0.299811 0.325003 0.28839 0.31383 0.287382 0.270145
expl_p0: 0.921164 0.782989 0.681787 0.497953 0.525302 0.472436 0.446051 0.377921 0.304533 0.293691 0.331317 0.382075 0.325477 0.264326 0.181408 0.187433 0.172018 0.200968 0.192937 0.243931 0.202381 0.196774 0.155813 0.186976 0.148659 0.115737 0.152753 0.145112 0.141402 0.115502 0.106054
expl_p1: 0.6563 0.708508 0.635036 0.414329 0.257779 0.177882 0.141804 0.149074 0.123877 0.12552 0.151113 0.160648 0.205637 0.237245 0.238741 0.237661 0.2178 0.180889 0.16205 0.155886 0.153577 0.135223 0.145249 0.132697 0.183035 0.184074 0.17225 0.143278 0.172428 0.17188 0.164091
seconds: 186.2 196.7 199.5 174.4 187.7 187.3 186.2 194.4 180.3 171.7 184.4 167.6 176.8 185.9 189.1 205.4 196.2 205.8 205.6 199.4 206.4 186.1 177.2 180.6 189.9 201.7 230.5 205.9 217.2 188.0 180.3
seed: 99
steps: 0.0 1152000.0 2304000.0 3456000.0 4608000.0 5760000.0 6912000.0 8064000.0 9216000.0 10368000.0 11520000.0 12672000.0 13824000.0 14976000.0 16128000.0 17280000.0 18432000.0 19584000.0 20736000.0 21888000.0 23040000.0 24192000.0 25344000.0 26496000.0 27648000.0 28800000.0 29952000.0 31104000.0 32256000.0 33408000.0 34560000.0
values: 1.577464 1.505436 1.264252 0.940821 0.729542 0.660955 0.627848 0.552055 0.492115 0.505967 0.527287 0.59265 0.512615 0.449527 0.468908 0.450983 0.48589 0.487884 0.296148 0.290463 0.249588 0.258384 0.232712 0.215334 0.266921 0.258574 0.269479 0.241377 0.261836 0.257147 0.233501
expl_p0: 0.921164 0.819823 0.654927 0.545967 0.484798 0.480149 0.443759 0.357065 0.303686 0.321098 0.335014 0.359273 0.241125 0.178037 0.24969 0.27067 0.304593 0.343413 0.18786 0.174161 0.139367 0.148155 0.136216 0.119828 0.15331 0.121664 0.1397 0.148969 0.140301 0.127354 0.106158
expl_p1: 0.6563 0.685613 0.609325 0.394853 0.244743 0.180806 0.184089 0.194991 0.18843 0.184869 0.192273 0.233377 0.27149 0.27149 0.219218 0.180313 0.181297 0.14447 0.108288 0.116301 0.110221 0.110229 0.096496 0.095506 0.113612 0.13691 0.129779 0.092409 0.121535 0.129793 0.127343
seconds: 183.1 192.6 192.4 187.3 187.3 176.9 209.0 186.6 166.6 185.4 172.8 184.4 181.8 185.6 186.5 200.0 193.4 198.7 191.9 190.4 188.8 175.6 180.9 205.0 206.9 225.3 205.7 206.8 189.4 185.6 195.7
seed: 150
steps: 0.0 1152000.0 2304000.0 3456000.0 4608000.0 5760000.0 6912000.0 8064000.0 9216000.0 10368000.0 11520000.0 12672000.0 13824000.0 14976000.0 16128000.0 17280000.0 18432000.0 19584000.0 20736000.0 21888000.0 23040000.0 24192000.0 25344000.0 26496000.0 27648000.0 28800000.0 29952000.0 31104000.0 32256000.0 33408000.0 34560000.0
values: 1.577464 1.496196 1.357696 1.0177 0.795418 0.645794 0.575568 0.503386 0.479601 0.481408 0.559053 0.621886 0.576761 0.525982 0.476211 0.421811 0.465213 0.430643 0.40814 0.380784 0.280448 0.286489 0.300571 0.321039 0.268867 0.236864 0.271591 0.372909 0.316194 0.282444 0.3073
expl_p0: 0.921164 0.809202 0.721687 0.605885 0.529821 0.461205 0.407715 0.338507 0.302151 0.356728 0.397415 0.426656 0.322513 0.24985 0.19564 0.155391 0.207725 0.197424 0.209964 0.239052 0.164102 0.158688 0.164391 0.21219 0.162778 0.117742 0.126579 0.216312 0.161292 0.140157 0.130935
expl_p1: 0.6563 0.686994 0.636009 0.411815 0.265597 0.184589 0.167853 0.164879 0.17745 0.124681 0.161638 0.195231 0.254247 0.276133 0.280572 0.26642 0.257488 0.233218 0.198176 0.141732 0.116345 0.127802 0.13618 0.108849 0.106089 0.119122 0.145012 0.156597 0.154902 0.142287 0.176364
seconds: 186.7 191.9 178.5 170.6 166.4 193.0 165.6 244.1 193.1 182.1 213.2 211.3 184.6 186.3 173.6 181.5 169.1 162.9 176.7 165.4 160.5 163.0 160.9 185.3 186.1 175.7 194.3 205.8 191.1 161.6 200.7
seed: 160
steps: 0.0 1152000.0 2304000.0 3456000.0 4608000.0 5760000.0 6912000.0 8064000.0 9216000.0 10368000.0 11520000.0 12672000.0 13824000.0 14976000.0 16128000.0 17280000.0 18432000.0 19584000.0 20736000.0 21888000.0 23040000.0 24192000.0 25344000.0 26496000.0 27648000.0 28800000.0 29952000.0 31104000.0 32256000.0 33408000.0 34560000.0
values: 1.577464 1.524933 1.302091 0.961112 0.843004 0.657217 0.602398 0.449072 0.465718 0.526711 0.582064 0.594979 0.593747 0.574957 0.513117 0.429206 0.415545 0.396803 0.357452 0.308471 0.331785 0.326574 0.312254 0.29209 0.303849 0.315072 0.254522 0.280518 0.290933 0.277117 0.285711
expl_p0: 0.921164 0.818748 0.64507 0.529811 0.573413 0.467303 0.430222 0.289803 0.294675 0.306718 0.349222 0.335549 0.340321 0.354278 0.320135 0.254 0.274279 0.275704 0.189329 0.163466 0.199833 0.179507 0.141384 0.146194 0.129765 0.178018 0.146943 0.09991 0.137609 0.139918 0.116841
expl_p1: 0.6563 0.706186 0.657021 0.431301 0.269591 0.189914 0.172177 0.159269 0.171042 0.219993 0.232842 0.259431 0.253426 0.220679 0.192982 0.175206 0.141266 0.121099 0.168123 0.145005 0.131952 0.147067 0.17087 0.145896 0.174084 0.137054 0.107579 0.180609 0.153325 0.137199 0.16887
seconds: 180.4 187.9 185.3 183.9 190.6 175.1 179.7 178.8 175.9 179.2 182.0 182.7 181.7 186.6 190.9 197.3 177.1 177.0 183.8 183.8 187.6 188.0 181.9 181.1 203.1 233.7 193.7 203.7 179.2 181.9 174.0
seed: 308
steps: 0.0 1152000.0 2304000.0 3456000.0 4608000.0 5760000.0 6912000.0 8064000.0 9216000.0 10368000.0 11520000.0 12672000.0 13824000.0 14976000.0 16128000.0 17280000.0 18432000.0 19584000.0 20736000.0 21888000.0 23040000.0 24192000.0 25344000.0 26496000.0 27648000.0 28800000.0 29952000.0 31104000.0 32256000.0 33408000.0 34560000.0
values: 1.577464 1.524153 1.345558 0.924782 0.791377 0.668553 0.570617 0.470424 0.44794 0.477557 0.448433 0.448788 0.477499 0.522616 0.493897 0.464168 0.442131 0.409642 0.413417 0.415722 0.360217 0.377378 0.445464 0.383348 0.344001 0.327662 0.353614 0.309727 0.282061 0.303923 0.356446
expl_p0: 0.921164 0.813883 0.694828 0.512512 0.518583 0.494612 0.437118 0.329174 0.287824 0.309159 0.271738 0.277641 0.259699 0.265024 0.215736 0.197146 0.213578 0.24328 0.281043 0.269605 0.24709 0.260986 0.269664 0.215324 0.220481 0.187297 0.201578 0.175722 0.127087 0.129614 0.193123
expl_p1: 0.6563 0.71027 0.650729 0.412269 0.272794 0.173941 0.133499 0.14125 0.160116 0.168398 0.176695 0.171147 0.2178 0.257592 0.278161 0.267022 0.228553 0.166362 0.132375 0.146117 0.113127 0.116392 0.1758 0.168024 0.12352 0.140365 0.152036 0.134004 0.154975 0.174309 0.163323
seconds: 177.4 176.3 182.1 187.1 188.5 219.0 168.9 170.4 167.7 173.9 167.4 186.0 179.1 182.7 182.8 193.7 177.5 204.7 177.6 192.3 179.6 168.6 188.8 181.6 209.5 173.0 197.2 174.5 188.8 210.6 234.3
seed: 513
steps: 0.0 1152000.0 2304000.0 3456000.0 4608000.0 5760000.0 6912000.0 8064000.0 9216000.0 10368000.0 11520000.0 12672000.0 13824000.0 14976000.0 16128000.0 17280000.0 18432000.0 19584000.0 20736000.0 21888000.0 23040000.0 24192000.0 25344000.0 26496000.0 27648000.0 28800000.0 29952000.0 31104000.0 32256000.0 33408000.0 34560000.0
values: 1.577464 1.528181 1.386998 0.904386 0.757432 0.6721 0.572415 0.466319 0.465428 0.473739 0.433963 0.441395 0.459955 0.484471 0.48457 0.531727 0.515973 0.457538 0.434475 0.445743 0.445915 0.434379 0.370451 0.329553 0.320299 0.284241 0.316555 0.311386 0.320312 0.358365 0.305644
expl_p0: 0.921164 0.816737 0.737117 0.470284 0.464294 0.464693 0.433678 0.354199 0.324253 0.312031 0.219551 0.207117 0.208823 0.21099 0.202796 0.272196 0.257075 0.214895 0.193184 0.205561 0.212277 0.201654 0.150088 0.173291 0.157209 0.114393 0.14445 0.14084 0.147324 0.14721 0.140055
expl_p1: 0.6563 0.711443 0.649881 0.434102 0.293138 0.207407 0.138737 0.112119 0.141175 0.161708 0.214412 0.234278 0.251132 0.27348 0.281774 0.259532 0.258898 0.242643 0.241291 0.240181 0.233638 0.232725 0.220363 0.156262 0.163091 0.169848 0.172106 0.170546 0.172988 0.211155 0.16559
seconds: 183.4 175.0 180.8 182.0 177.8 177.7 171.5 170.7 175.2 185.3 179.5 178.0 180.3 179.4 180.0 178.7 180.1 174.9 179.6 172.3 177.7 181.8 177.1 174.1 185.8 181.4 182.9 175.9 173.9 170.6 173.3
seed: 616
steps: 0.0 1152000.0 2304000.0 3456000.0 4608000.0 5760000.0 6912000.0 8064000.0 9216000.0 10368000.0 11520000.0 12672000.0 13824000.0 14976000.0 16128000.0 17280000.0 18432000.0 19584000.0 20736000.0 21888000.0 23040000.0 24192000.0 25344000.0 26496000.0 27648000.0 28800000.0 29952000.0 31104000.0 32256000.0 33408000.0 34560000.0
values: 1.577464 1.489067 1.278278 0.91744 0.79029 0.614904 0.535685 0.495933 0.435904 0.437056 0.471757 0.516317 0.505736 0.496015 0.501422 0.453228 0.457958 0.425562 0.429844 0.372831 0.339775 0.399099 0.327346 0.294514 0.321391 0.264535 0.274633 0.282051 0.322887 0.306726 0.283093
expl_p0: 0.921164 0.788266 0.668179 0.515123 0.523598 0.440678 0.398119 0.344914 0.293521 0.256436 0.287794 0.342162 0.290848 0.278058 0.267739 0.205141 0.204798 0.223745 0.267512 0.262323 0.195182 0.226269 0.172926 0.181757 0.153594 0.131435 0.149748 0.147113 0.126631 0.168913 0.142164
expl_p1: 0.6563 0.700801 0.610099 0.402317 0.266691 0.174227 0.137566 0.151019 0.142383 0.18062 0.183963 0.174155 0.214888 0.217957 0.233683 0.248087 0.25316 0.201817 0.162332 0.110508 0.144593 0.17283 0.154421 0.112756 0.167797 0.133099 0.124885 0.134939 0.196256 0.137812 0.140929
seconds: 193.8 192.5 199.8 190.0 177.8 175.8 188.7 192.1 180.1 188.0 177.5 189.3 201.5 183.3 189.9 182.6 196.5 190.5 186.4 196.6 193.4 177.9 194.0 227.4 210.7 234.0 183.9 187.1 176.3 192.3 181.1
seed: 999
steps: 0.0 1152000.0 2304000.0 3456000.0 4608000.0 5760000.0 6912000.0 8064000.0 9216000.0 10368000.0 11520000.0 12672000.0 13824000.0 14976000.0 16128000.0 17280000.0 18432000.0 19584000.0 20736000.0 21888000.0 23040000.0 24192000.0 25344000.0 26496000.0 27648000.0 28800000.0 29952000.0 31104000.0 32256000.0 33408000.0 34560000.0
values: 1.577464 1.512433 1.29342 0.950805 0.722147 0.625157 0.528945 0.446846 0.43559 0.427088 0.469478 0.501823 0.467183 0.411148 0.452498 0.446117 0.464745 0.361453 0.406539 0.300206 0.284484 0.291462 0.241472 0.210342 0.231587 0.359393 0.337182 0.294881 0.265902 0.313123 0.271676
expl_p0: 0.921164 0.808051 0.650473 0.541419 0.468701 0.442697 0.364432 0.286959 0.297562 0.295415 0.287981 0.268114 0.20999 0.137891 0.230352 0.254279 0.317909 0.226966 0.264309 0.153584 0.170918 0.199033 0.106508 0.114091 0.118156 0.206433 0.190056 0.163666 0.109315 0.17505 0.152381
expl_p1: 0.6563 0.704382 0.642947 0.409386 0.253446 0.182461 0.164513 0.159887 0.138027 0.131673 0.181497 0.233709 0.257194 0.273257 0.222146 0.191838 0.146836 0.134487 0.142229 0.146622 0.113567 0.09243 0.134964 0.096251 0.113431 0.15296 0.147126 0.131215 0.156588 0.138073 0.119295
seconds: 164.8 171.8 189.8 161.4 176.1 174.9 159.4 159.9 172.4 169.9 178.5 182.4 168.5 172.7 166.7 200.6 169.4 212.6 184.6 182.2 168.9 169.1 168.3 167.4 200.2 182.1 194.8 165.2 187.3 162.4 176.1
seed: 1000
steps: 0.0 1152000.0 2304000.0 3456000.0 4608000.0 5760000.0 6912000.0 8064000.0 9216000.0 10368000.0 11520000.0 12672000.0 13824000.0 14976000.0 16128000.0 17280000.0 18432000.0 19584000.0 20736000.0 21888000.0 23040000.0 24192000.0 25344000.0 26496000.0 27648000.0 28800000.0 29952000.0 31104000.0 32256000.0 33408000.0 34560000.0
values: 1.577464 1.492663 1.307089 0.937422 0.775331 0.655794 0.537747 0.498183 0.456059 0.496622 0.5217 0.470599 0.475132 0.417284 0.498841 0.555993 0.456948 0.398174 0.416552 0.368072 0.284114 0.267834 0.306819 0.276568 0.264124 0.285875 0.308724 0.329534 0.323005 0.311722 0.331922
expl_p0: 0.921164 0.816003 0.661947 0.520364 0.501059 0.449722 0.390638 0.367398 0.329008 0.311704 0.302979 0.231434 0.240832 0.180243 0.273997 0.323817 0.242323 0.232346 0.290944 0.223103 0.17277 0.152889 0.181932 0.150568 0.125276 0.129648 0.155585 0.187857 0.184082 0.189347 0.203039
expl_p1: 0.6563 0.67666 0.645142 0.417058 0.274272 0.206072 0.147109 0.130785 0.12705 0.184918 0.218721 0.239165 0.2343 0.237041 0.224844 0.232176 0.214625 0.165828 0.125608 0.144969 0.111344 0.114946 0.124887 0.126 0.138848 0.156227 0.153138 0.141678 0.138923 0.122375 0.128883
seconds: 269.7 227.3 227.8 177.0 172.8 181.8 183.8 196.9 170.5 226.5 180.7 187.6 179.1 182.5 176.2 178.9 179.4 174.8 191.5 172.3 221.7 229.3 230.6 266.7 231.1 232.6 201.0 182.2 185.8 175.6 265.2
