algo_name: NashDreamer
game_name: goofspiel_5_obs
game_str: goofspiel Param: num_cards value: 5Param: observation_only value: obs
metric: nash_conv
smoothing_window: -1
wm_warmup_env_step: 320000.0
uniform_nash_conv: 1.5500000692904004
seed: 42
steps: 0.0 320000.0 640000.0 960000.0 1280000.0 1600000.0 1920000.0 2240000.0 2560000.0 2880000.0 3200000.0 3520000.0 3840000.0 4160000.0 4480000.0 4800000.0 5120000.0 5440000.0 5760000.0 6080000.0 6400000.0 6720000.0 7040000.0 7360000.0 7680000.0 8000000.0 8320000.0 8640000.0 8960000.0 9280000.0 9600000.0
values: 1.5500000692904004 1.2548843417610087 0.5147411209177657 0.46027705824079007 0.3715898278522172 0.37777801738492905 0.3566768886969065 0.29801448766605665 0.38894505559152565 0.5071085028259903 0.41163512771500765 0.37040119956483447 0.4855696836519566 0.25829600109082296 0.3457581565532558 0.31999775799431196 0.34852112754399384 0.2950911662972161 0.33462846100385474 0.3744283620933075 0.38373116186495493 0.2708648119412843 0.523892553925285 0.30868567711513123 0.3700600673388262 0.2508279215847224 0.3364168988988189 0.38445684445389544 0.3372599286700483 0.34063747676389866 0.31684390049124644
seed: 99
steps: 0.0 320000.0 640000.0 960000.0 1280000.0 1600000.0 1920000.0 2240000.0 2560000.0 2880000.0 3200000.0 3520000.0 3840000.0 4160000.0 4480000.0 4800000.0 5120000.0 5440000.0 5760000.0 6080000.0 6400000.0 6720000.0 7040000.0 7360000.0 7680000.0 8000000.0 8320000.0 8640000.0 8960000.0 9280000.0 9600000.0
values: 1.5500000692904004 1.1913031091502573 0.40513367684556056 0.45173863548885673 0.44345735636940786 0.28479604387944446 0.3709969754129453 0.39046904680342936 0.3625301221201765 0.4539725710198564 0.5261391782478864 0.4491440111078424 0.4916639813709938 0.3622312591198363 0.2995358038773811 0.38215136210561806 0.2684049558356661 0.2875522663651112 0.3428519821791123 0.3341896951061969 0.27838084366172966 0.30826651680872136 0.30513274414088404 0.3998268960671599 0.278237133960267 0.42124047495118266 0.2628849945061114 0.42612972491555484 0.32258976952428264 0.26449953624548117 0.3244774893733291
seed: 160
steps: 0.0 320000.0 640000.0 960000.0 1280000.0 1600000.0 1920000.0 2240000.0 2560000.0 2880000.0 3200000.0 3520000.0 3840000.0 4160000.0 4480000.0 4800000.0 5120000.0 5440000.0 5760000.0 6080000.0 6400000.0 6720000.0 7040000.0 7360000.0 7680000.0 8000000.0 8320000.0 8640000.0 8960000.0 9280000.0 9600000.0
values: 1.5500000692904004 1.2095703045049793 0.6733503346910938 0.32397976621523167 0.3153521446030616 0.3627881041248939 0.43679930535590383 0.41073255441336376 0.33465281020375504 0.29123009996859045 0.2981486895405625 0.27827524199693204 0.378714088876824 0.3302592091954951 0.3336262812579144 0.322410791828376 0.34096181836621037 0.4295078780680063 0.395796884016883 0.447887210774735 0.2952468899304804 0.32185464628443117 0.393856414790937 0.29572252541295024 0.2990882359866808 0.21795863295034215 0.2691016089793579 0.36733770351351636 0.43011772704803536 0.37463619742480014 0.37681626177146754
seed: 308
steps: 0.0 320000.0 640000.0 960000.0 1280000.0 1600000.0 1920000.0 2240000.0 2560000.0 2880000.0 3200000.0 3520000.0 3840000.0 4160000.0 4480000.0 4800000.0 5120000.0 5440000.0 5760000.0 6080000.0 6400000.0 6720000.0 7040000.0 7360000.0 7680000.0 8000000.0 8320000.0 8640000.0 8960000.0 9280000.0 9600000.0
values: 1.5500000692904004 1.2706072273562121 0.4937102118332159 0.41524125685836316 0.5135074577744313 0.44694561388265197 0.36565647611071755 0.449610020216505 0.41142177000881774 0.5112771042993569 0.45614812572031416 0.3923718204869414 0.3695944774467943 0.3012659972515094 0.23919219709890188 0.42154037007477185 0.3499671473962764 0.299700741979461 0.39219377224376495 0.3026247292949086 0.26820452703516756 0.30461418875942986 0.3992837594372669 0.323304960693371 0.34281925600955093 0.31940682831302797 0.29878039399573725 0.3604072638982174 0.3605189616839136 0.32912510471483536 0.24033387499263406
seed: 150
steps: 0.0 320000.0 640000.0 960000.0 1280000.0 1600000.0 1920000.0 2240000.0 2560000.0 2880000.0 3200000.0 3520000.0 3840000.0 4160000.0 4480000.0 4800000.0 5120000.0 5440000.0 5760000.0 6080000.0 6400000.0 6720000.0 7040000.0 7360000.0 7680000.0 8000000.0 8320000.0 8640000.0 8960000.0 9280000.0 9600000.0
values: 1.5500000692904004 1.3074782365348032 0.6237484109208971 0.6073921326124183 0.4272795825876124 0.33969280753281683 0.49200784264066333 0.4154615487762494 0.40442379417351865 0.4633871623135785 0.41634384593336665 0.34977162119617866 0.40178589496663497 0.31861774539856974 0.3481145478841425 0.40300386533652455 0.4359850693613446 0.28180874288982294 0.4142716487243379 0.40640509536628966 0.3104116046875771 0.37107979580606176 0.23787642883595161 0.3381448896880789 0.43644913038640787 0.4303403613678808 0.30882498910054734 0.27044882589447083 0.31730866153760384 0.2957910892663826 0.30230120192891824
seed: 999
steps: 0.0 320000.0 640000.0 960000.0 1280000.0 1600000.0 1920000.0 2240000.0 2560000.0 2880000.0 3200000.0 3520000.0 3840000.0 4160000.0 4480000.0 4800000.0 5120000.0 5440000.0 5760000.0 6080000.0 6400000.0 6720000.0 7040000.0 7360000.0 7680000.0 8000000.0 8320000.0 8640000.0 8960000.0 9280000.0 9600000.0
values: 1.5500000692904004 1.3190404817187187 0.44246484766364813 0.4479997377346522 0.38318310315497184 0.511272186234904 0.45638737372281935 0.49673550664145627 0.38943522056904833 0.34244084303862665 0.29758234292311464 0.38281390849158825 0.30157341791800707 0.32412420295564526 0.37907460733113396 0.28936523597333413 0.24839555425078721 0.3863606084244443 0.3678262158689785 0.3748427774626008 0.2199066135641437 0.30090442509460313 0.3548614299179581 0.37047227559119805 0.3142720838960612 0.2653435415098578 0.28656665103620116 0.3142488041944811 0.287934134002014 0.3068939024549563 0.32940592419149956
seed: 616
steps: 0.0 320000.0 640000.0 960000.0 1280000.0 1600000.0 1920000.0 2240000.0 2560000.0 2880000.0 3200000.0 3520000.0 3840000.0 4160000.0 4480000.0 4800000.0 5120000.0 5440000.0 5760000.0 6080000.0 6400000.0 6720000.0 7040000.0 7360000.0 7680000.0 8000000.0 8320000.0 8640000.0 8960000.0 9280000.0 9600000.0
values: 1.5500000692904004 1.2496244125752216 0.4868757590981784 0.39651521975795134 0.30536065603555385 0.24268071946989359 0.30609537025899414 0.35516441113658814 0.36560603131880576 0.3422464059250897 0.4087645786643749 0.4138407340362382 0.4158737619101467 0.350689743181521 0.26402788123805243 0.2650361487167153 0.3934155698337677 0.3026709319630216 0.4508384129452742 0.29752419477451025 0.3899956097175508 0.26031692462743944 0.3185331312512391 0.33926713400406966 0.25125045221549547 0.28100947010802746 0.324502563645756 0.28218131248330863 0.3271346590056652 0.3362446136569997 0.3568910701371618
seed: 19
steps: 0.0 320000.0 640000.0 960000.0 1280000.0 1600000.0 1920000.0 2240000.0 2560000.0 2880000.0 3200000.0 3520000.0 3840000.0 4160000.0 4480000.0 4800000.0 5120000.0 5440000.0 5760000.0 6080000.0 6400000.0 6720000.0 7040000.0 7360000.0 7680000.0 8000000.0 8320000.0 8640000.0 8960000.0 9280000.0 9600000.0
values: 1.5500000692904004 1.3130044151711573 0.46944026728229943 0.41023435610355585 0.36782641185135906 0.4408387632090759 0.37784109014232165 0.4018836058681722 0.32933985747379846 0.3040199919297365 0.3626388849040878 0.27936046076749754 0.34109048519060686 0.2553759105776835 0.22899625289377068 0.3305877009557578 0.35399188154161604 0.3531634110501787 0.28245414771633115 0.3146937995515048 0.3720981168616741 0.32704439839310023 0.32363732838736314 0.2730304746882243 0.2376510495308648 0.36963327923703904 0.4091755656445324 0.36203599343785364 0.293066524547967 0.28545420760573953 0.24822412778096123
seed: 1000
steps: 0.0 320000.0 640000.0 960000.0 1280000.0 1600000.0 1920000.0 2240000.0 2560000.0 2880000.0 3200000.0 3520000.0 3840000.0 4160000.0 4480000.0 4800000.0 5120000.0 5440000.0 5760000.0 6080000.0 6400000.0 6720000.0 7040000.0 7360000.0 7680000.0 8000000.0 8320000.0 8640000.0 8960000.0 9280000.0 9600000.0
values: 1.5500000692904004 1.1727410984277125 0.45752460057444744 0.3372359363601085 0.5610258152701357 0.37300516024431585 0.3518624581889741 0.3538024950839037 0.370075583650307 0.28864525996335544 0.24871582597629172 0.4562786843781943 0.26399235708002766 0.4509117457585976 0.36109453771142364 0.47663854254441773 0.44737861958217984 0.2989614905465119 0.3280427270973434 0.29980567270919933 0.4061227366663308 0.38741268917740784 0.3515253292615776 0.3333497331326286 0.39941358285802064 0.35021982335948465 0.36289715821216517 0.28530429586643746 0.2869166683843031 0.24561306921299403 0.4093353787920755
seed: 513
steps: 0.0 320000.0 640000.0 960000.0 1280000.0 1600000.0 1920000.0 2240000.0 2560000.0 2880000.0 3200000.0 3520000.0 3840000.0 4160000.0 4480000.0 4800000.0 5120000.0 5440000.0 5760000.0 6080000.0 6400000.0 6720000.0 7040000.0 7360000.0 7680000.0 8000000.0 8320000.0 8640000.0 8960000.0 9280000.0 9600000.0
values: 1.5500000692904004 1.2505825980752867 0.48408623059177425 0.3485310875629851 0.48378416084178727 0.4363014602566589 0.41458581345577294 0.3312812157762711 0.3341795668059197 0.4266411250290355 0.4005869609584654 0.3718870245898733 0.28849346695829214 0.3393596329733032 0.31294234578358215 0.3024626675390793 0.2886256772744073 0.25253442999801373 0.27413146132925725 0.3270500072428545 0.40738979156911925 0.3745652909150292 0.39358620374309 0.43652433403168533 0.41064942352679334 0.32815772404192256 0.43434768606712937 0.3452559498335014 0.3190970105965425 0.3868934226162357 0.2887877323208967
