algo_name: RNaD_500
game_name: leduc
game_str: leduc 
metric: nash_conv
smoothing_window: -1
wm_warmup_env_step: 288000.0
uniform_nash_conv: 0.36517097956190625
seed: 42
steps: 0.0 576000.0 1152000.0 1728000.0 2304000.0 2880000.0 3456000.0 4032000.0 4608000.0 5184000.0 5760000.0
values: 0.36517097956190625 0.20295488009613277 0.14570460557359705 0.10918000148602411 0.08871187672371098 0.0728966717989781 0.06156870093999377 0.05575788847725002 0.05865168838259208 0.06499824746733622 0.08356149256763676
seed: 99
steps: 0.0 576000.0 1152000.0 1728000.0 2304000.0 2880000.0 3456000.0 4032000.0 4608000.0 5184000.0 5760000.0
values: 0.36517097956190625 0.20207708598695523 0.12945562161641816 0.09687017821762181 0.08713829745664065 0.07670840528734799 0.06151392201814912 0.05860057399482932 0.05442966011075688 0.06839983457942074 0.1164459191632923
seed: 160
steps: 0.0 576000.0 1152000.0 1728000.0 2304000.0 2880000.0 3456000.0 4032000.0 4608000.0 5184000.0 5760000.0
values: 0.36517097956190625 0.19482747288048666 0.1359941713496359 0.10297855961821832 0.08340489691205012 0.07246184510084941 0.06963722157272713 0.06510916863944669 0.060619595415056196 0.07537360413201384 0.09934304176470371
seed: 308
steps: 0.0 576000.0 1152000.0 1728000.0 2304000.0 2880000.0 3456000.0 4032000.0 4608000.0 5184000.0 5760000.0
values: 0.36517097956190625 0.1970178306303092 0.1293742531591958 0.09243083221746162 0.07303824684989073 0.06392023606939717 0.06824760060328013 0.07570923237015055 0.08114425556977814 0.07979105018106208 0.11917603929438306
seed: 150
steps: 0.0 576000.0 1152000.0 1728000.0 2304000.0 2880000.0 3456000.0 4032000.0 4608000.0 5184000.0 5760000.0
values: 0.36517097956190625 0.19817444336741064 0.14105142020309872 0.09848091909427571 0.08300158264215401 0.07753061479121456 0.06652566538714522 0.05686020054939324 0.06043346811890819 0.08611076115102644 0.10028548099967348
seed: 999
steps: 0.0 576000.0 1152000.0 1728000.0 2304000.0 2880000.0 3456000.0 4032000.0 4608000.0 5184000.0 5760000.0
values: 0.36517097956190625 0.20572781961732772 0.13075575905241585 0.09583735976063185 0.08657200882125382 0.07744874227050828 0.0686066097327998 0.0617416408619309 0.05816892215095656 0.08310094801066295 0.07278238164175202
seed: 616
steps: 0.0 576000.0 1152000.0 1728000.0 2304000.0 2880000.0 3456000.0 4032000.0 4608000.0 5184000.0 5760000.0
values: 0.36517097956190625 0.19113937330105918 0.1275428015605515 0.09181383436208244 0.08058409838268107 0.06875640022775259 0.057036598831652865 0.05496285952549745 0.07373371868016823 0.09918961897949871 0.11944473844598955
seed: 19
steps: 0.0 576000.0 1152000.0 1728000.0 2304000.0 2880000.0 3456000.0 4032000.0 4608000.0 5184000.0 5760000.0
values: 0.36517097956190625 0.1905891606922885 0.11628138647225991 0.09007714742809271 0.06779819348478414 0.06344795058406641 0.06857333309108757 0.08615769538408556 0.10600186119250374 0.099890482741186 0.10892788811904652
seed: 1000
steps: 0.0 576000.0 1152000.0 1728000.0 2304000.0 2880000.0 3456000.0 4032000.0 4608000.0 5184000.0 5760000.0
values: 0.36517097956190625 0.1950037823316519 0.1340919862149147 0.0982105209535625 0.07857497808409357 0.06879055785959351 0.06007772612400467 0.05339014663176536 0.0611851600553815 0.08557181997510514 0.08642545428179502
seed: 513
steps: 0.0 576000.0 1152000.0 1728000.0 2304000.0 2880000.0 3456000.0 4032000.0 4608000.0 5184000.0 5760000.0
values: 0.36517097956190625 0.21075509124452158 0.14407319457291567 0.10255413408061978 0.08623014203003991 0.07363534365641689 0.06987869816690001 0.06606090947375043 0.08289907593666929 0.08766054072328354 0.10827907959653144
