algo_name: Central
game_name: perturbed_rps
game_str: perturbed_rps 
metric: nash_conv
smoothing_window: -1
wm_warmup_env_step: 12800.0
uniform_nash_conv: 0.6666666865348816
seed: 42
steps: 0.0 12800.0 25600.0 38400.0 51200.0 64000.0 76800.0 89600.0 102400.0 115200.0 128000.0
values: 0.6666666865348816 0.6666666865348816 0.407431960105896 0.9001504182815552 1.1589855998754501 0.09680095314979553 0.8880916386842728 0.9558083713054657 0.31073033809661865 0.4213656783103943 0.37805548310279846
seed: 99
steps: 0.0 12800.0 25600.0 38400.0 51200.0 64000.0 76800.0 89600.0 102400.0 115200.0 128000.0
values: 0.6666666865348816 0.6666666865348816 0.7249234542250633 0.4017340838909149 0.6337774395942688 1.1872105300426483 0.4376344382762909 0.41866445541381836 0.343343585729599 0.36734539270401 0.2457979917526245
seed: 160
steps: 0.0 12800.0 25600.0 38400.0 51200.0 64000.0 76800.0 89600.0 102400.0 115200.0 128000.0
values: 0.6666666865348816 0.6666666865348816 0.2628827393054962 1.0008540898561478 0.6791182905435562 0.28309008479118347 0.5937167406082153 0.31645873188972473 0.23362287878990173 0.2402871549129486 0.3205942213535309
seed: 308
steps: 0.0 12800.0 25600.0 38400.0 51200.0 64000.0 76800.0 89600.0 102400.0 115200.0 128000.0
values: 0.6666666865348816 0.6666666865348816 0.8080373108386993 1.7720087170600891 0.7769029438495636 0.5626661777496338 0.25800174474716187 0.47026753425598145 0.14202187955379486 0.5456234812736511 0.47314876317977905
seed: 150
steps: 0.0 12800.0 25600.0 38400.0 51200.0 64000.0 76800.0 89600.0 102400.0 115200.0 128000.0
values: 0.6666666865348816 0.6666666865348816 0.40985163301229477 0.8695439994335175 1.1246241331100464 0.3700620234012604 0.647116094827652 0.2116784155368805 0.25591692328453064 0.38794809579849243 0.1256793737411499
seed: 999
steps: 0.0 12800.0 25600.0 38400.0 51200.0 64000.0 76800.0 89600.0 102400.0 115200.0 128000.0
values: 0.6666666865348816 0.6666666865348816 0.33581167459487915 0.9100801646709442 1.1022618860006332 0.5537602603435516 0.6135663688182831 0.26077497005462646 0.30248068273067474 0.6127454936504364 0.11864420771598816
seed: 616
steps: 0.0 12800.0 25600.0 38400.0 51200.0 64000.0 76800.0 89600.0 102400.0 115200.0 128000.0
values: 0.6666666865348816 0.6666666865348816 1.016006961464882 0.7385298535227776 0.6753699257969856 0.5263063013553619 0.4527272582054138 0.1978118121623993 0.4062197208404541 0.2924511432647705 0.6847229897975922
seed: 19
steps: 0.0 12800.0 25600.0 38400.0 51200.0 64000.0 76800.0 89600.0 102400.0 115200.0 128000.0
values: 0.6666666865348816 0.6666666865348816 1.6190352886915207 0.9434097409248352 0.529908150434494 0.30962109565734863 0.5096383094787598 0.47206178307533264 0.5736932456493378 0.48453250527381897 0.6489907801151276
seed: 1000
steps: 0.0 12800.0 25600.0 38400.0 51200.0 64000.0 76800.0 89600.0 102400.0 115200.0 128000.0
values: 0.6666666865348816 0.6666666865348816 0.611757680773735 0.295198529958725 0.5865517556667328 0.5633468925952911 0.5517945289611816 0.9562010169029236 0.3422609269618988 0.19546820223331451 0.3028225302696228
seed: 513
steps: 0.0 12800.0 25600.0 38400.0 51200.0 64000.0 76800.0 89600.0 102400.0 115200.0 128000.0
values: 0.6666666865348816 0.6666666865348816 0.3559277206659317 0.9297993034124374 1.0994466543197632 0.8789363503456116 0.43464767932891846 0.4490068554878235 0.2327471375465393 0.7928246557712555 0.3650718033313751
