algo_name: NashDreamer
game_name: leduc
game_str: leduc 
metric: nash_conv
smoothing_window: -1
wm_warmup_env_step: 576000.0
uniform_nash_conv: 0.36517097956190625
seed: 42
steps: 0.0 576000.0 1152000.0 1728000.0 2304000.0 2880000.0 3456000.0 4032000.0 4608000.0 5184000.0 5760000.0 6336000.0 6912000.0 7488000.0 8064000.0 8640000.0 9216000.0 9792000.0 10368000.0 10944000.0 11520000.0 12096000.0 12672000.0 13248000.0 13824000.0 14400000.0 14976000.0 15552000.0 16128000.0 16704000.0 17280000.0
values: 0.36517097956190625 0.20039162030469548 0.13565117344038907 0.1001871551710166 0.07914503373888215 0.06512056738109526 0.0555060383642105 0.06704434354288101 0.06848799403207384 0.07587400604781114 0.09586908224408308 0.11461391208070346 0.14248745266377655 0.11671207988845148 0.10864822231506638 0.1030300801569761 0.10681182431925115 0.08608361091533265 0.07974452980293072 0.0900966250482031 0.07809647664558492 0.06567579346209335 0.07178271917109807 0.08807398351194241 0.08511154645929014 0.08307814312136338 0.09285350986766977 0.0968960614348947 0.0980983431321058 0.12920814031028582 0.09586261977967829
seed: 99
steps: 0.0 576000.0 1152000.0 1728000.0 2304000.0 2880000.0 3456000.0 4032000.0 4608000.0 5184000.0 5760000.0 6336000.0 6912000.0 7488000.0 8064000.0 8640000.0 9216000.0 9792000.0 10368000.0 10944000.0 11520000.0 12096000.0 12672000.0 13248000.0 13824000.0 14400000.0 14976000.0 15552000.0 16128000.0 16704000.0 17280000.0
values: 0.36517097956190625 0.19454343406791968 0.12135029506693976 0.0886708297811767 0.07140288928671687 0.05693534495341014 0.06714810539663016 0.06741373063316934 0.08322095373741326 0.10768975714526816 0.15174861579225069 0.15887118147504822 0.14323718117513531 0.1515019177025404 0.1405884845654081 0.15339894893667766 0.15301181369434633 0.14777616023542428 0.14773002087449857 0.15257376089311583 0.11456542094138215 0.0849551466778832 0.08412562757484239 0.0832306922318598 0.09254580717479503 0.12511146448728333 0.11172396000750143 0.12119913612448419 0.10504152265746963 0.10186642418736765 0.08747383971039314
seed: 160
steps: 0.0 576000.0 1152000.0 1728000.0 2304000.0 2880000.0 3456000.0 4032000.0 4608000.0 5184000.0 5760000.0 6336000.0 6912000.0 7488000.0 8064000.0 8640000.0 9216000.0 9792000.0 10368000.0 10944000.0 11520000.0 12096000.0 12672000.0 13248000.0 13824000.0 14400000.0 14976000.0 15552000.0 16128000.0 16704000.0 17280000.0
values: 0.36517097956190625 0.21006945167094943 0.13996366419043932 0.10786488451746962 0.08899351861456761 0.0713381621804671 0.06085383113210922 0.06672973864316964 0.07746565754725278 0.09538394468240921 0.11985241946181818 0.12592794726053147 0.0985376819345892 0.10863178236043272 0.1507665174414997 0.1448565349998236 0.10709964582129092 0.07719266407997101 0.06155800112159922 0.05684288230756487 0.06081150575119691 0.08015551744172032 0.09722953087248137 0.08745348969955014 0.07413765867527024 0.08836885655389096 0.06190421527478513 0.06494526178981626 0.09731288139322175 0.1140937872359103 0.13920516403043837
seed: 308
steps: 0.0 576000.0 1152000.0 1728000.0 2304000.0 2880000.0 3456000.0 4032000.0 4608000.0 5184000.0 5760000.0 6336000.0 6912000.0 7488000.0 8064000.0 8640000.0 9216000.0 9792000.0 10368000.0 10944000.0 11520000.0 12096000.0 12672000.0 13248000.0 13824000.0 14400000.0 14976000.0 15552000.0 16128000.0 16704000.0 17280000.0
values: 0.36517097956190625 0.19994405899001522 0.1361431262982115 0.09934683308855247 0.08163266862404944 0.06782217241164543 0.06047001445028158 0.07696222164263075 0.08644777518964257 0.08923267427299401 0.11230633697780285 0.10118191066667909 0.12111862252087978 0.15628664289788174 0.17042273720063914 0.12726451927867738 0.10918661136636307 0.07673864954874099 0.06976009371757338 0.07355281404225629 0.0694675749303418 0.060245740141310414 0.059099705138573315 0.06590065874975617 0.09945514511265637 0.12232384047567015 0.13887594827613503 0.12452393257166999 0.10282304189086258 0.09105552107567663 0.08411922996369924
seed: 150
steps: 0.0 576000.0 1152000.0 1728000.0 2304000.0 2880000.0 3456000.0 4032000.0 4608000.0 5184000.0 5760000.0 6336000.0 6912000.0 7488000.0 8064000.0 8640000.0 9216000.0 9792000.0 10368000.0 10944000.0 11520000.0 12096000.0 12672000.0 13248000.0 13824000.0 14400000.0 14976000.0 15552000.0 16128000.0 16704000.0 17280000.0
values: 0.36517097956190625 0.19374236895823688 0.12376125415019623 0.08366034290926444 0.07546570520279733 0.06916885101380771 0.05752354991142411 0.05125671952289999 0.06015796984220424 0.06555319491921445 0.09965836989394343 0.1177405933984548 0.1220742826526843 0.1160961938396401 0.11213905766289181 0.10345130407184445 0.11647309760838212 0.09297509812447004 0.10014449516224073 0.08264190308615268 0.06757457321753875 0.07104417099694 0.05315143135000712 0.05996344667393523 0.0630566360110128 0.049315818838111834 0.03975012034101484 0.04626550750915791 0.038332694141622665 0.0440587130797732 0.049205125545432174
seed: 999
steps: 0.0 576000.0 1152000.0 1728000.0 2304000.0 2880000.0 3456000.0 4032000.0 4608000.0 5184000.0 5760000.0 6336000.0 6912000.0 7488000.0 8064000.0 8640000.0 9216000.0 9792000.0 10368000.0 10944000.0 11520000.0 12096000.0 12672000.0 13248000.0 13824000.0 14400000.0 14976000.0 15552000.0 16128000.0 16704000.0 17280000.0
values: 0.36517097956190625 0.19756112334222176 0.12538838954880774 0.08778060719599495 0.07755853233630822 0.062428492204071435 0.059481118484269374 0.06527685957559631 0.09417999010939596 0.08959282114163016 0.07864091291870814 0.1023431136389486 0.10809223165371928 0.09745027956521332 0.08728060694083108 0.09119864970817257 0.07618752259298103 0.06300083127751391 0.05914064356804405 0.048675475397360016 0.07144450536733869 0.08220068937746156 0.08849579834072448 0.09902601015065304 0.08154663029966952 0.07870289403789485 0.06780179425265109 0.07470645496882397 0.0826842863122417 0.07346478007384347 0.06877377996558551
seed: 616
steps: 0.0 576000.0 1152000.0 1728000.0 2304000.0 2880000.0 3456000.0 4032000.0 4608000.0 5184000.0 5760000.0 6336000.0 6912000.0 7488000.0 8064000.0 8640000.0 9216000.0 9792000.0 10368000.0 10944000.0 11520000.0 12096000.0 12672000.0 13248000.0 13824000.0 14400000.0 14976000.0 15552000.0 16128000.0 16704000.0 17280000.0
values: 0.36517097956190625 0.1973696710443723 0.14224841837470348 0.09846891125834178 0.08445008382761754 0.0712897202597073 0.06328938390230318 0.06533810923408123 0.08704426516151602 0.09771140935819089 0.12075453674373995 0.11947140927040584 0.11670981160972357 0.1181436601487795 0.13569559773049666 0.13486651496605265 0.13293495050331455 0.11953706316783508 0.09495063797955652 0.09599336824664353 0.13005156688186398 0.1351022742667502 0.16428000785153182 0.16352613465829524 0.14634282186263292 0.09845321499672138 0.10389525809434484 0.09691090167189395 0.09171036945177996 0.10938639829895197 0.08239134578312421
seed: 19
steps: 0.0 576000.0 1152000.0 1728000.0 2304000.0 2880000.0 3456000.0 4032000.0 4608000.0 5184000.0 5760000.0 6336000.0 6912000.0 7488000.0 8064000.0 8640000.0 9216000.0 9792000.0 10368000.0 10944000.0 11520000.0 12096000.0 12672000.0 13248000.0 13824000.0 14400000.0 14976000.0 15552000.0 16128000.0 16704000.0 17280000.0
values: 0.36517097956190625 0.18632097126199093 0.11131998543862026 0.08182036793625966 0.06528549646724816 0.060534077236229694 0.070227961519565 0.07300065743325707 0.08111599590122756 0.07461374112209006 0.08014205553381874 0.08506501733537813 0.07839879428439206 0.0665910066437085 0.07197099788273204 0.082502201643582 0.08317948623182767 0.08461529852447727 0.0670698884761031 0.04666718885543355 0.05459408767302631 0.06309780204849091 0.06585194413634958 0.08236559421517614 0.06723988554493787 0.07257492113323785 0.057068601318084396 0.06526278439551042 0.05118093308086093 0.049679056387727336 0.042610706282335764
seed: 1000
steps: 0.0 576000.0 1152000.0 1728000.0 2304000.0 2880000.0 3456000.0 4032000.0 4608000.0 5184000.0 5760000.0 6336000.0 6912000.0 7488000.0 8064000.0 8640000.0 9216000.0 9792000.0 10368000.0 10944000.0 11520000.0 12096000.0 12672000.0 13248000.0 13824000.0 14400000.0 14976000.0 15552000.0 16128000.0 16704000.0 17280000.0
values: 0.36517097956190625 0.19830873257868734 0.13625836496964727 0.10873641629338547 0.08932217693116898 0.08079588376035277 0.07415603251630634 0.06372970632995956 0.056423049849566004 0.07712880512927256 0.07497364649456714 0.08127606153460609 0.10181509783084326 0.1263442417895257 0.13292700684911835 0.12082576466025109 0.11522674425880014 0.09582507147372266 0.07206575184259073 0.0676205427998084 0.05710564608112741 0.06452055914330804 0.06134613667236223 0.07154980179454568 0.08998233602580016 0.0738313593295418 0.05257183905134012 0.03763995733952011 0.04918927669762245 0.058038051691987065 0.06252707498137561
seed: 513
steps: 0.0 576000.0 1152000.0 1728000.0 2304000.0 2880000.0 3456000.0 4032000.0 4608000.0 5184000.0 5760000.0 6336000.0 6912000.0 7488000.0 8064000.0 8640000.0 9216000.0 9792000.0 10368000.0 10944000.0 11520000.0 12096000.0 12672000.0 13248000.0 13824000.0 14400000.0 14976000.0 15552000.0 16128000.0 16704000.0 17280000.0
values: 0.36517097956190625 0.1942895505293681 0.12697449046397438 0.09186404690374139 0.08008358282395178 0.07171077810401809 0.06658319142015989 0.06637487069463595 0.08974580597088211 0.09406941239634597 0.10290062953009121 0.11397267659970511 0.12950797799452607 0.11529747772229795 0.1259576966001143 0.13107279434221608 0.10011479603907475 0.11576401219962129 0.08145265215758718 0.05945832357975686 0.06365230129470152 0.07691181765312192 0.07992207093269142 0.06703599739588242 0.06562790250739783 0.05234459561108489 0.051878434166192575 0.04846000184096741 0.06416809381135741 0.07227117261026614 0.09112978801955612
