algo_name: NashDreamerRNaD
game_name: goofspiel_3
game_str: goofspiel Param: num_cards value: 3
metric: nash_conv
smoothing_window: -1
wm_warmup_env_step: 19200.0
uniform_nash_conv: 1.3333333730697632
seed: 42
steps: 0.0 19200.0 38400.0 57600.0 76800.0 96000.0 115200.0 134400.0 153600.0 172800.0 192000.0
values: 1.3333333730697632 0.8083317344526666 0.23424147925758126 0.05526292823306715 0.03827817154432445 0.04356134707967497 0.0410878261303633 0.04443430053568037 0.040627985760934654 0.040308497216866836 0.04491847290399204
seed: 99
steps: 0.0 19200.0 38400.0 57600.0 76800.0 96000.0 115200.0 134400.0 153600.0 172800.0 192000.0
values: 1.3333333730697632 0.8529890557058968 0.2390470154577864 0.05630284314009424 0.042177937022984925 0.03935032338027583 0.04424054087788956 0.04378117280854695 0.03901533692766875 0.04260456323029452 0.045177474546639375
seed: 160
steps: 0.0 19200.0 38400.0 57600.0 76800.0 96000.0 115200.0 134400.0 153600.0 172800.0 192000.0
values: 1.3333333730697632 0.7993719347701664 0.21069121645090766 0.06065467670168369 0.04748620671357183 0.04655439628218445 0.042286301579774914 0.046481424479708516 0.04201217381899937 0.0410651780964333 0.04083411192881222
seed: 308
steps: 0.0 19200.0 38400.0 57600.0 76800.0 96000.0 115200.0 134400.0 153600.0 172800.0 192000.0
values: 1.3333333730697632 0.780171192475615 0.20914485047904813 0.056039574956063404 0.04257880615160237 0.04316169278207442 0.04398966346987783 0.04081442837276396 0.043747608995333434 0.044154057612659475 0.043482199417439055
seed: 150
steps: 0.0 19200.0 38400.0 57600.0 76800.0 96000.0 115200.0 134400.0 153600.0 172800.0 192000.0
values: 1.3333333730697632 0.79945570800724 0.2549609839835683 0.0713893448194095 0.046717914012009025 0.04180538262745327 0.04279849343627415 0.041166061238386426 0.04110533821249998 0.04513608526623092 0.0434974859849334
seed: 999
steps: 0.0 19200.0 38400.0 57600.0 76800.0 96000.0 115200.0 134400.0 153600.0 172800.0 192000.0
values: 1.3333333730697632 0.8069445121449443 0.15920375053565386 0.05116230349757552 0.041486425687665945 0.04107441113520486 0.041180762807715474 0.039666583290378886 0.04068369877099195 0.042827963120345994 0.042516180616506055
seed: 616
steps: 0.0 19200.0 38400.0 57600.0 76800.0 96000.0 115200.0 134400.0 153600.0 172800.0 192000.0
values: 1.3333333730697632 0.8249517532032762 0.19591172003190493 0.05459352294201562 0.04417331793120871 0.04476421241842839 0.04543999895435572 0.04614319943901368 0.045748023536802386 0.0440771069087566 0.04692819207039314
seed: 19
steps: 0.0 19200.0 38400.0 57600.0 76800.0 96000.0 115200.0 134400.0 153600.0 172800.0 192000.0
values: 1.3333333730697632 0.8087988514628788 0.22965160673855253 0.0564057912794511 0.04691151427705616 0.045385610258656554 0.04477065861751636 0.044964298883358136 0.04591108608927924 0.051859201213215404 0.04693992426505368
seed: 1000
steps: 0.0 19200.0 38400.0 57600.0 76800.0 96000.0 115200.0 134400.0 153600.0 172800.0 192000.0
values: 1.3333333730697632 0.8613302958917985 0.2308052068973215 0.04617755668720669 0.042368420985166404 0.043636667951207735 0.044701708548973235 0.04406994140521901 0.04426918630167404 0.045033023372060395 0.04138503291613288
seed: 513
steps: 0.0 19200.0 38400.0 57600.0 76800.0 96000.0 115200.0 134400.0 153600.0 172800.0 192000.0
values: 1.3333333730697632 0.8023508195361755 0.21943351750337833 0.09960083805414865 0.05237658281329249 0.048956607982151956 0.04655320320231614 0.04302457088780186 0.049966838427060546 0.04736676567238174 0.047694015900755796
