algo_name: MMD
game_name: leduc
game_str: leduc 
metric: nash_conv
smoothing_window: -1
wm_warmup_env_step: -1
uniform_nash_conv: 0.36517097956190625
seed: 42
steps: 0.0 576000.0 1152000.0 1728000.0 2304000.0 2880000.0 3456000.0 4032000.0 4608000.0 5184000.0 5760000.0 6336000.0 6912000.0 7488000.0 8064000.0 8640000.0 9216000.0 9792000.0 10368000.0 10944000.0 11520000.0 12096000.0 12672000.0 13248000.0 13824000.0 14400000.0 14976000.0 15552000.0 16128000.0 16704000.0 17280000.0
values: 0.36517097956190625 0.1738300525244485 0.08674876403681007 0.09942847495951405 0.08681953836626713 0.07294456328197133 0.06497423955870993 0.0708999258956205 0.06038821359491558 0.08699668111504102 0.06855687039068259 0.08671629231087791 0.07022928573711536 0.07046125153285794 0.0895379418842691 0.07223462504057045 0.06394045706698465 0.08334292802275872 0.06304927835714154 0.05132513231243168 0.08349955423225444 0.07533014671517421 0.08757177841088289 0.06254094435827671 0.07242392198111576 0.07877786838837175 0.06378036458234218 0.0722553130487614 0.07170421794899148 0.05766368748508184 0.05973258415627153
seed: 99
steps: 0.0 576000.0 1152000.0 1728000.0 2304000.0 2880000.0 3456000.0 4032000.0 4608000.0 5184000.0 5760000.0 6336000.0 6912000.0 7488000.0 8064000.0 8640000.0 9216000.0 9792000.0 10368000.0 10944000.0 11520000.0 12096000.0 12672000.0 13248000.0 13824000.0 14400000.0 14976000.0 15552000.0 16128000.0 16704000.0 17280000.0
values: 0.36517097956190625 0.13713283339829252 0.12498773980950542 0.0701916774634443 0.08697718037800711 0.08144537035713961 0.08043877079018014 0.08747077962485277 0.07031126256721484 0.05900705163036318 0.06875742566012444 0.08477513163543754 0.07087038702900994 0.0651235931793811 0.07358696041612282 0.0571194970659901 0.05989658488066243 0.06865939179458999 0.06146106373447295 0.07129608408887898 0.08534930895116233 0.05568090100676741 0.0732810132167985 0.09898356769005985 0.06826605199639185 0.0707830004765044 0.06240542489372888 0.06519018296698326 0.07015908399765274 0.0657030940497344 0.06290858303193064
seed: 150
steps: 0.0 576000.0 1152000.0 1728000.0 2304000.0 2880000.0 3456000.0 4032000.0 4608000.0 5184000.0 5760000.0 6336000.0 6912000.0 7488000.0 8064000.0 8640000.0 9216000.0 9792000.0 10368000.0 10944000.0 11520000.0 12096000.0 12672000.0 13248000.0 13824000.0 14400000.0 14976000.0 15552000.0 16128000.0 16704000.0 17280000.0
values: 0.36517097956190625 0.1531814584263667 0.10651431779744809 0.10721668930362381 0.07539872960067164 0.06269119574047123 0.07412823106409974 0.0922612334060741 0.08614756455894337 0.08619181348030805 0.11003599101189476 0.0643483270901597 0.08656340898626319 0.0642544808162803 0.07296068867599405 0.09088440976633717 0.06986913491369051 0.05915013051373934 0.06956380130593512 0.06344826384294186 0.08818230526565367 0.07566858128422696 0.07245515822254542 0.0574543915325813 0.061719858711764004 0.06670141617912598 0.075587882237753 0.07789783223559546 0.07866744756487151 0.07078384191328266 0.054787818716628925
seed: 160
steps: 0.0 576000.0 1152000.0 1728000.0 2304000.0 2880000.0 3456000.0 4032000.0 4608000.0 5184000.0 5760000.0 6336000.0 6912000.0 7488000.0 8064000.0 8640000.0 9216000.0 9792000.0 10368000.0 10944000.0 11520000.0 12096000.0 12672000.0 13248000.0 13824000.0 14400000.0 14976000.0 15552000.0 16128000.0 16704000.0 17280000.0
values: 0.36517097956190625 0.1367341760101694 0.11364119791943261 0.08280172076098688 0.08671385546989904 0.10073713238822152 0.07728581765013762 0.07576076175568866 0.07291795990388147 0.09090969026849774 0.08738915908415491 0.08708958196506761 0.07217241555906156 0.074082624450315 0.06473432222821325 0.06495100852572606 0.07081584739135172 0.06531003721120737 0.07974746955162956 0.0904435170423236 0.0701339190074185 0.08168996369209237 0.06273571893993124 0.08430313983867124 0.07380269477344542 0.07978541495509364 0.07145313817821464 0.07132754424482905 0.07548921090969173 0.08376975330397578 0.06953618466068587
seed: 308
steps: 0.0 576000.0 1152000.0 1728000.0 2304000.0 2880000.0 3456000.0 4032000.0 4608000.0 5184000.0 5760000.0 6336000.0 6912000.0 7488000.0 8064000.0 8640000.0 9216000.0 9792000.0 10368000.0 10944000.0 11520000.0 12096000.0 12672000.0 13248000.0 13824000.0 14400000.0 14976000.0 15552000.0 16128000.0 16704000.0 17280000.0
values: 0.36517097956190625 0.23221307918669476 0.07423925937415549 0.08597386792328165 0.09536465219565543 0.08173316553958389 0.08233280949382175 0.09468346713941056 0.08563140127818299 0.05931656882835591 0.07898782702891961 0.07476246537287182 0.08395111459614968 0.06964352174830513 0.05460714981503431 0.06907377964318528 0.08107348716992446 0.06282831080531573 0.07207291758340068 0.07234864582743042 0.06472642297224701 0.07753239448752859 0.08706070155613685 0.06821236392775558 0.06477428773774985 0.07274600105213291 0.10762866973696206 0.07091601722671975 0.06610498282507711 0.06214895997767736 0.06346047595729867
seed: 616
steps: 0.0 576000.0 1152000.0 1728000.0 2304000.0 2880000.0 3456000.0 4032000.0 4608000.0 5184000.0 5760000.0 6336000.0 6912000.0 7488000.0 8064000.0 8640000.0 9216000.0 9792000.0 10368000.0 10944000.0 11520000.0 12096000.0 12672000.0 13248000.0 13824000.0 14400000.0 14976000.0 15552000.0 16128000.0 16704000.0 17280000.0
values: 0.36517097956190625 0.14245045368446702 0.08967066015669573 0.09539602547214002 0.08785308121989985 0.08505450912949541 0.07716073515950309 0.07264482753053843 0.06529091774093852 0.0693801394933476 0.07383464022602595 0.06491381490064743 0.08404826548374884 0.06677822555445392 0.07299835546032367 0.06294180299189207 0.07705288585397241 0.06922630778284507 0.07393531423187358 0.06301541143197606 0.0720441464745212 0.0868319947386178 0.06308822330273373 0.06586575812693626 0.06320581059419025 0.06514005443242808 0.07399436703502689 0.07376646549817756 0.05811311937706628 0.062034455547576486 0.059298640827895086
seed: 999
steps: 0.0 576000.0 1152000.0 1728000.0 2304000.0 2880000.0 3456000.0 4032000.0 4608000.0 5184000.0 5760000.0 6336000.0 6912000.0 7488000.0 8064000.0 8640000.0 9216000.0 9792000.0 10368000.0 10944000.0 11520000.0 12096000.0 12672000.0 13248000.0 13824000.0 14400000.0 14976000.0 15552000.0 16128000.0 16704000.0 17280000.0
values: 0.36517097956190625 0.11936736306146423 0.09566979569554183 0.08345158851464739 0.06863142801259564 0.09302259792850077 0.07408466139710856 0.07687098550379376 0.07639200100047869 0.07747670861068617 0.07086218793006857 0.06960453414165871 0.07722992067257337 0.08985131430465931 0.06623448108160568 0.06173073506279761 0.07773771127589692 0.06566111687941377 0.07405373108041866 0.09272340311612702 0.06693138595663256 0.07728423787656981 0.10779842636360483 0.0670796974751499 0.06292140702073908 0.08309656292957396 0.06494627505028008 0.060695995410266775 0.059362302354170386 0.06041965100503237 0.07432979368777312
seed: 19
steps: 0.0 576000.0 1152000.0 1728000.0 2304000.0 2880000.0 3456000.0 4032000.0 4608000.0 5184000.0 5760000.0 6336000.0 6912000.0 7488000.0 8064000.0 8640000.0 9216000.0 9792000.0 10368000.0 10944000.0 11520000.0 12096000.0 12672000.0 13248000.0 13824000.0 14400000.0 14976000.0 15552000.0 16128000.0 16704000.0 17280000.0
values: 0.36517097956190625 0.17002843028106165 0.08555317671496307 0.09070997231531985 0.0977329915199985 0.08027150933984453 0.057348316361237474 0.1095362840867163 0.07728426323173418 0.08280710967742153 0.06649765397685961 0.09214501443127318 0.08477054470951373 0.06586328512788067 0.07333844516644765 0.07238010040816817 0.08451858691904336 0.05897743305050187 0.05962567675728638 0.05673922458007284 0.07598167577940762 0.07944147681728472 0.0783839747434475 0.07678431635939276 0.0873465539534238 0.0768429759766939 0.07361626261551774 0.07015339003643285 0.06528211952424953 0.07089069630859446 0.06608442439881361
seed: 1000
steps: 0.0 576000.0 1152000.0 1728000.0 2304000.0 2880000.0 3456000.0 4032000.0 4608000.0 5184000.0 5760000.0 6336000.0 6912000.0 7488000.0 8064000.0 8640000.0 9216000.0 9792000.0 10368000.0 10944000.0 11520000.0 12096000.0 12672000.0 13248000.0 13824000.0 14400000.0 14976000.0 15552000.0 16128000.0 16704000.0 17280000.0
values: 0.36517097956190625 0.14106629542818316 0.07971851449491424 0.07968297266417163 0.09679830387346641 0.08105999195527787 0.08622789966860411 0.06983197367998656 0.08512659806851736 0.09677828678775985 0.06539491083360272 0.08034148264949656 0.06731320532390536 0.07944467567750507 0.07070905377961913 0.07043852157307136 0.0562424884366048 0.054675137817157625 0.07630597413102053 0.0659951823614931 0.05963914120979841 0.06265302161886299 0.062288455215758924 0.059519590363168354 0.06621709217204819 0.08723575173550595 0.07457752225477085 0.06986146433521005 0.07517316483702893 0.06977535831237738 0.06520340557312865
seed: 513
steps: 0.0 576000.0 1152000.0 1728000.0 2304000.0 2880000.0 3456000.0 4032000.0 4608000.0 5184000.0 5760000.0 6336000.0 6912000.0 7488000.0 8064000.0 8640000.0 9216000.0 9792000.0 10368000.0 10944000.0 11520000.0 12096000.0 12672000.0 13248000.0 13824000.0 14400000.0 14976000.0 15552000.0 16128000.0 16704000.0 17280000.0
values: 0.36517097956190625 0.1115844453794117 0.09858292319895888 0.09326191123255849 0.08694420043734623 0.08154490711175127 0.0956442156063717 0.08338199216419585 0.0759106843693638 0.08037002104212825 0.09197000289671173 0.08392791818767745 0.07506109105964535 0.07391085355474458 0.06156701583697139 0.08372570970290781 0.07992706995928282 0.09055382117248045 0.07311978030396896 0.0709125370686219 0.06601814198980271 0.07686316973085214 0.06770289382805851 0.07992452048004242 0.056705194537234556 0.06072937931488312 0.06760256625732573 0.05570203820014482 0.056497641719885285 0.06488769946171921 0.07081643803796123
