algo_name: MMD_250
game_name: leduc
game_str: leduc 
metric: nash_conv
smoothing_window: -1
wm_warmup_env_step: 144000.0
uniform_nash_conv: 0.36517097956190625
seed: 42
steps: 0.0 576000.0 1152000.0 1728000.0 2304000.0 2880000.0 3456000.0 4032000.0 4608000.0 5184000.0 5760000.0
values: 0.36517097956190625 0.12789367712442082 0.10566051806254474 0.09603507890898824 0.07417855876067563 0.08415139978042531 0.07808501056571374 0.10419021634597314 0.08992326816782036 0.08609793495533467 0.09058657680924329
seed: 99
steps: 0.0 576000.0 1152000.0 1728000.0 2304000.0 2880000.0 3456000.0 4032000.0 4608000.0 5184000.0 5760000.0
values: 0.36517097956190625 0.11724151530322174 0.09699293196090472 0.09424171812568052 0.06806695115679334 0.07115280623857562 0.09240042424960535 0.07741742062066187 0.07086414578123403 0.10380542244440041 0.07012593755785543
seed: 160
steps: 0.0 576000.0 1152000.0 1728000.0 2304000.0 2880000.0 3456000.0 4032000.0 4608000.0 5184000.0 5760000.0
values: 0.36517097956190625 0.12087558397439846 0.07566644392671835 0.09842442645112984 0.08792135280383731 0.07340611663883678 0.07857327903240247 0.0929532196284695 0.0755079605649861 0.08459306470160298 0.06950312540383759
seed: 308
steps: 0.0 576000.0 1152000.0 1728000.0 2304000.0 2880000.0 3456000.0 4032000.0 4608000.0 5184000.0 5760000.0
values: 0.36517097956190625 0.10918911188678068 0.09198842003039362 0.08243313341801219 0.09477289119356055 0.09566875314996988 0.0869892900993599 0.07165521563274482 0.08053383093888569 0.08378805270625969 0.07211073878766536
seed: 150
steps: 0.0 576000.0 1152000.0 1728000.0 2304000.0 2880000.0 3456000.0 4032000.0 4608000.0 5184000.0 5760000.0
values: 0.36517097956190625 0.13034053358178838 0.08528031817028373 0.08097860663022197 0.08683637259093409 0.10370082788632592 0.06401637931679081 0.07934007538356505 0.06673619253259575 0.08939823783803882 0.08050410019838851
seed: 999
steps: 0.0 576000.0 1152000.0 1728000.0 2304000.0 2880000.0 3456000.0 4032000.0 4608000.0 5184000.0 5760000.0
values: 0.36517097956190625 0.1059521335185564 0.08551893653492727 0.08789907436773794 0.09912506387997905 0.07378337111075406 0.08984061203411724 0.09822315080565353 0.07047061253164813 0.07918317816707154 0.09427371727359775
seed: 616
steps: 0.0 576000.0 1152000.0 1728000.0 2304000.0 2880000.0 3456000.0 4032000.0 4608000.0 5184000.0 5760000.0
values: 0.36517097956190625 0.11366635646817204 0.08804357595401632 0.08835132740388202 0.09840072705099957 0.08813183293558823 0.07979659162716397 0.0922909072425374 0.07380052759528351 0.07988329817318918 0.10075057939781615
seed: 19
steps: 0.0 576000.0 1152000.0 1728000.0 2304000.0 2880000.0 3456000.0 4032000.0 4608000.0 5184000.0 5760000.0
values: 0.36517097956190625 0.12982675388408316 0.0784249128340829 0.09388815403213943 0.08513971455751965 0.08421527532071729 0.07696233976504613 0.08341628389502666 0.09094931897922932 0.07588934777426827 0.07250269562592063
seed: 1000
steps: 0.0 576000.0 1152000.0 1728000.0 2304000.0 2880000.0 3456000.0 4032000.0 4608000.0 5184000.0 5760000.0
values: 0.36517097956190625 0.11561649123927029 0.10216206325953922 0.08911380105876773 0.07438292862529804 0.08081137511843951 0.08096192762127281 0.07535513458684781 0.08769958759853705 0.08111968222707758 0.06453352983454033
seed: 513
steps: 0.0 576000.0 1152000.0 1728000.0 2304000.0 2880000.0 3456000.0 4032000.0 4608000.0 5184000.0 5760000.0
values: 0.36517097956190625 0.11073480700976959 0.10829344313257552 0.08766704167775599 0.07683666886458079 0.085174015373037 0.06397277744599889 0.07765067961010216 0.07841767373421347 0.07735163758813882 0.07839056621033189
