algo_name: NashDreamerREINFORCE
game_name: goofspiel_3
game_str: goofspiel Param: num_cards value: 3
metric: nash_conv
smoothing_window: -1
wm_warmup_env_step: 19200.0
uniform_nash_conv: 1.3333333730697632
seed: 42
steps: 0.0 19200.0 38400.0 57600.0 76800.0 96000.0 115200.0 134400.0 153600.0 172800.0 192000.0
values: 1.3333333730697632 0.99948031334681 0.5070062759360683 0.6025734794488566 0.5335691914704364 0.5061215535622512 0.5582989206288982 0.5777583597998412 0.47326310304845887 0.5321121554138082 0.4743329372371523
seed: 99
steps: 0.0 19200.0 38400.0 57600.0 76800.0 96000.0 115200.0 134400.0 153600.0 172800.0 192000.0
values: 1.3333333730697632 0.8934026877776331 0.5061774368270628 0.4998630495080816 0.5390684847918761 0.6027679938563619 0.5337191427451167 0.5383634175047229 0.5593634556403864 0.5101900334379197 0.5701732990355728
seed: 160
steps: 0.0 19200.0 38400.0 57600.0 76800.0 96000.0 115200.0 134400.0 153600.0 172800.0 192000.0
values: 1.3333333730697632 1.0286614302347044 0.495187372989764 0.4802449088905685 0.5589930421228408 0.5599213202914783 0.5099496021651162 0.5182251087252492 0.5774509755850161 0.42635725106240785 0.48817480914033573
seed: 308
steps: 0.0 19200.0 38400.0 57600.0 76800.0 96000.0 115200.0 134400.0 153600.0 172800.0 192000.0
values: 1.3333333730697632 0.9011849053813923 0.574807103661243 0.5276343084785677 0.5600443630475151 0.43325480131596605 0.48810183991603484 0.5174152002228276 0.5317104470451308 0.5700447375244311 0.4894938992790321
seed: 150
steps: 0.0 19200.0 38400.0 57600.0 76800.0 96000.0 115200.0 134400.0 153600.0 172800.0 192000.0
values: 1.3333333730697632 0.9770610172624692 0.5221911981207676 0.4980444885675297 0.4624928347060928 0.5431654302152165 0.49159229535623084 0.6110042428506444 0.5324048500738612 0.5932036530088256 0.5492227385865465
seed: 999
steps: 0.0 19200.0 38400.0 57600.0 76800.0 96000.0 115200.0 134400.0 153600.0 172800.0 192000.0
values: 1.3333333730697632 0.9260963783425025 0.4884362636548609 0.47356419561471674 0.48411221729468235 0.5695891978287477 0.5479493596694631 0.5256461532369057 0.47328607074018225 0.4598473561426122 0.5058955083121435
seed: 616
steps: 0.0 19200.0 38400.0 57600.0 76800.0 96000.0 115200.0 134400.0 153600.0 172800.0 192000.0
values: 1.3333333730697632 0.9411063694865582 0.5453237343633583 0.5395946617389802 0.5067867008239317 0.47206235983752176 0.46587775613483995 0.5369429871692959 0.5981001268869317 0.471101079096532 0.47437489534859356
seed: 19
steps: 0.0 19200.0 38400.0 57600.0 76800.0 96000.0 115200.0 134400.0 153600.0 172800.0 192000.0
values: 1.3333333730697632 0.9255539398023576 0.4715083591227265 0.5987138620788031 0.5159786593336824 0.5776767869768007 0.5605397337149385 0.5399349413865644 0.522487285170389 0.48664599816607845 0.515862288675677
seed: 1000
steps: 0.0 19200.0 38400.0 57600.0 76800.0 96000.0 115200.0 134400.0 153600.0 172800.0 192000.0
values: 1.3333333730697632 0.8933805697273831 0.6162420952870071 0.538551195067523 0.5098775439736225 0.4627047748237283 0.5063835526674563 0.6180098689173339 0.6008602194373549 0.5200606556292762 0.4717313810305843
seed: 513
steps: 0.0 19200.0 38400.0 57600.0 76800.0 96000.0 115200.0 134400.0 153600.0 172800.0 192000.0
values: 1.3333333730697632 0.8984000680185646 0.4794032403748558 0.5186706089664992 0.5598415292471985 0.5178396758730264 0.46556174863503585 0.45956435057033485 0.5188321616480711 0.5110727802419408 0.5291965337599764
