algo_name: NashDreamer
game_name: leduc
game_str: leduc 
metric: nash_conv
smoothing_window: -1
wm_warmup_env_step: 576000.0
uniform_nash_conv: 0.36517097956190625
seed: 42
steps: 0.0 576000.0 1152000.0 1728000.0 2304000.0 2880000.0 3456000.0 4032000.0 4608000.0 5184000.0 5760000.0 6336000.0 6912000.0 7488000.0 8064000.0 8640000.0 9216000.0 9792000.0 10368000.0 10944000.0 11520000.0 12096000.0 12672000.0 13248000.0 13824000.0 14400000.0 14976000.0 15552000.0 16128000.0 16704000.0 17280000.0
values: 0.36517097956190625 0.20548070740345767 0.1413141544110455 0.10280830345492514 0.08101776661231785 0.06746943928574324 0.059042319191870994 0.05999755054549093 0.06061515745130072 0.06433132843676163 0.07926942075862423 0.10434067224088453 0.12204126560539175 0.14556172158639297 0.1662937413613259 0.16994612389542552 0.1626272995064289 0.16906291230566312 0.165937166776203 0.16832724125057644 0.17724090355033528 0.1711207053130559 0.17702684123908496 0.19231514508578906 0.19810246261085618 0.1785304612848591 0.16618121325091803 0.16757491483348746 0.17558885460583262 0.15146848949859862 0.15243614264373062
seed: 99
steps: 0.0 576000.0 1152000.0 1728000.0 2304000.0 2880000.0 3456000.0 4032000.0 4608000.0 5184000.0 5760000.0 6336000.0 6912000.0 7488000.0 8064000.0 8640000.0 9216000.0 9792000.0 10368000.0 10944000.0 11520000.0 12096000.0 12672000.0 13248000.0 13824000.0 14400000.0 14976000.0 15552000.0 16128000.0 16704000.0 17280000.0
values: 0.36517097956190625 0.20066249378089002 0.13257560491765982 0.0942533591175154 0.08201622554781307 0.06953830625482267 0.05966658033708263 0.05661322112471949 0.07178671507861198 0.11077917042752593 0.13936064360180245 0.169547619906526 0.16317601903380902 0.17248571086971243 0.1591671094329284 0.13561759882433205 0.1579633723783777 0.15197647941307058 0.13647528721087537 0.1274453064143689 0.08525371569937354 0.09079345950069531 0.12237425623201947 0.09690973995000104 0.0852139561229875 0.10878987280472799 0.08937528940894957 0.12356511011202369 0.1662797442792751 0.1571668466081821 0.1283555177719512
seed: 160
steps: 0.0 576000.0 1152000.0 1728000.0 2304000.0 2880000.0 3456000.0 4032000.0 4608000.0 5184000.0 5760000.0 6336000.0 6912000.0 7488000.0 8064000.0 8640000.0 9216000.0 9792000.0 10368000.0 10944000.0 11520000.0 12096000.0 12672000.0 13248000.0 13824000.0 14400000.0 14976000.0 15552000.0 16128000.0 16704000.0 17280000.0
values: 0.36517097956190625 0.19359443556894185 0.11941870879119473 0.09631244018195279 0.07520501431588028 0.05996547961315802 0.05298893912918416 0.05771461374356138 0.06601165705636206 0.08409094281711196 0.08049665130665923 0.08550792252239123 0.0882015188583664 0.0985832153603807 0.13990137974600436 0.1486253803191268 0.14233988492001926 0.12791721060663272 0.13140732929620108 0.14003071668129535 0.11375164615223865 0.10600440212140638 0.09365415409517644 0.07786012977318715 0.07509979468784114 0.08295992340459753 0.05390006900879163 0.07126951868982424 0.1046544556925591 0.09707508839252393 0.10663339209403075
seed: 308
steps: 0.0 576000.0 1152000.0 1728000.0 2304000.0 2880000.0 3456000.0 4032000.0 4608000.0 5184000.0 5760000.0 6336000.0 6912000.0 7488000.0 8064000.0 8640000.0 9216000.0 9792000.0 10368000.0 10944000.0 11520000.0 12096000.0 12672000.0 13248000.0 13824000.0 14400000.0 14976000.0 15552000.0 16128000.0 16704000.0 17280000.0
values: 0.36517097956190625 0.1924158283935034 0.13421596276991588 0.09777505105208303 0.0819295518602323 0.07032660422764273 0.06151044048676824 0.06313336705849804 0.06186692385643984 0.05485425430042001 0.06414615723822575 0.08605312132632373 0.1234852018874163 0.14805430042078488 0.15497221642737513 0.15467193815131014 0.14705553566122287 0.13357060894450493 0.14472162939738897 0.12922083643549023 0.14596857266015506 0.13885787914459016 0.1394316069136064 0.1559711281547362 0.16006416007928437 0.17597754501047808 0.18138002859170244 0.1770327300978937 0.1820171789688096 0.21534998798474725 0.23141202005486552
seed: 150
steps: 0.0 576000.0 1152000.0 1728000.0 2304000.0 2880000.0 3456000.0 4032000.0 4608000.0 5184000.0 5760000.0 6336000.0 6912000.0 7488000.0 8064000.0 8640000.0 9216000.0 9792000.0 10368000.0 10944000.0 11520000.0 12096000.0 12672000.0 13248000.0 13824000.0 14400000.0 14976000.0 15552000.0 16128000.0 16704000.0 17280000.0
values: 0.36517097956190625 0.18639276673129143 0.11864488721780572 0.08649935174676907 0.07308132911228568 0.06441703708637168 0.0620115276481527 0.06746936468155307 0.08705614612976659 0.10065347453344685 0.12734932131439897 0.14683740738570591 0.1611235118135122 0.1641910990326722 0.1640817471703428 0.1497973130400863 0.1534255362792195 0.1355323981847276 0.12351867258514633 0.13457101822955994 0.13282709481928193 0.14065064074761446 0.1412213095391534 0.12488188550749144 0.13838849750812876 0.10341786721655787 0.09548820116473784 0.11220710840258703 0.14036126112582586 0.1274632422519996 0.14144244981483226
seed: 999
steps: 0.0 576000.0 1152000.0 1728000.0 2304000.0 2880000.0 3456000.0 4032000.0 4608000.0 5184000.0 5760000.0 6336000.0 6912000.0 7488000.0 8064000.0 8640000.0 9216000.0 9792000.0 10368000.0 10944000.0 11520000.0 12096000.0 12672000.0 13248000.0 13824000.0 14400000.0 14976000.0 15552000.0 16128000.0 16704000.0 17280000.0
values: 0.36517097956190625 0.200783052657773 0.12404014530740817 0.08859506633663958 0.07924149843651523 0.06483902813092995 0.05510975254071921 0.057959819528729764 0.07772476629212874 0.09472612368808989 0.09715643258231854 0.11262932067215131 0.1160342064831795 0.11902749964222922 0.1260211509281683 0.1407323463930786 0.13926093362763153 0.129047984874728 0.16485929572173746 0.11933842706453146 0.10512343767276387 0.1029355105590845 0.11555642033144517 0.11401988475475824 0.10247593257504581 0.12042028928397527 0.1074678586244062 0.09115150666404684 0.09717182377576329 0.0950110652472432 0.08675221261427557
seed: 616
steps: 0.0 576000.0 1152000.0 1728000.0 2304000.0 2880000.0 3456000.0 4032000.0 4608000.0 5184000.0 5760000.0 6336000.0 6912000.0 7488000.0 8064000.0 8640000.0 9216000.0 9792000.0 10368000.0 10944000.0 11520000.0 12096000.0 12672000.0 13248000.0 13824000.0 14400000.0 14976000.0 15552000.0 16128000.0 16704000.0 17280000.0
values: 0.36517097956190625 0.20470014863671823 0.14020951556931915 0.0942805948951203 0.08464184028164708 0.07278442998919624 0.06464384124437025 0.06343683045906104 0.07036075391899985 0.09858461660587897 0.095792765864982 0.09323033098132841 0.1048525999436529 0.11759101760353736 0.12619434165824356 0.116982916308664 0.1443543322597976 0.18031645569848354 0.14313275935723366 0.15776436503612973 0.16787871381683928 0.14125278784636364 0.14864559673751268 0.1355085578159646 0.1437688468795231 0.12035736802917193 0.12122682482408868 0.10549758563771092 0.11257912418611939 0.1163096414548203 0.12053734253426171
seed: 19
steps: 0.0 576000.0 1152000.0 1728000.0 2304000.0 2880000.0 3456000.0 4032000.0 4608000.0 5184000.0 5760000.0 6336000.0 6912000.0 7488000.0 8064000.0 8640000.0 9216000.0 9792000.0 10368000.0 10944000.0 11520000.0 12096000.0 12672000.0 13248000.0 13824000.0 14400000.0 14976000.0 15552000.0 16128000.0 16704000.0 17280000.0
values: 0.36517097956190625 0.17226117384804035 0.10427681049719167 0.0797334013591639 0.06356850524847785 0.05811538691446411 0.05990752613587379 0.06228362384271284 0.09189899069177201 0.10611818561734032 0.12639907076969864 0.16335517154518422 0.1684074794630144 0.15083225082423612 0.1655006920646919 0.13307459588011866 0.14484868662742856 0.12374552822861394 0.11941005788662569 0.08506793086481101 0.07624018851243274 0.07907813775168583 0.10175745528508105 0.08767066048661909 0.07631576030938875 0.08707026524093642 0.10032850627434635 0.09742369122623146 0.0855903395400422 0.07102882635635302 0.07569755251034158
seed: 1000
steps: 0.0 576000.0 1152000.0 1728000.0 2304000.0 2880000.0 3456000.0 4032000.0 4608000.0 5184000.0 5760000.0 6336000.0 6912000.0 7488000.0 8064000.0 8640000.0 9216000.0 9792000.0 10368000.0 10944000.0 11520000.0 12096000.0 12672000.0 13248000.0 13824000.0 14400000.0 14976000.0 15552000.0 16128000.0 16704000.0 17280000.0
values: 0.36517097956190625 0.1982948849198426 0.13697852323340698 0.10425363525750073 0.08802254342813623 0.07667964288658129 0.06715002368279782 0.05863927201884225 0.05764393549862902 0.0865671956581309 0.10864775393366821 0.12255523133195742 0.15155335806576442 0.1586502617123341 0.1559422539720712 0.1369208427548334 0.11532747139448545 0.1250923876110187 0.12875558521488256 0.12480911674036801 0.11312621233421549 0.13049886114708786 0.1032938777395826 0.08385255912939787 0.0966532552113336 0.08816030142324119 0.0767187313585293 0.08759728178122933 0.06675196330217532 0.09310203834870484 0.10792834017250445
seed: 513
steps: 0.0 576000.0 1152000.0 1728000.0 2304000.0 2880000.0 3456000.0 4032000.0 4608000.0 5184000.0 5760000.0 6336000.0 6912000.0 7488000.0 8064000.0 8640000.0 9216000.0 9792000.0 10368000.0 10944000.0 11520000.0 12096000.0 12672000.0 13248000.0 13824000.0 14400000.0 14976000.0 15552000.0 16128000.0 16704000.0 17280000.0
values: 0.36517097956190625 0.18807208542431114 0.12307521966029264 0.08682447110368269 0.07690633142116736 0.06310688566555563 0.06027217276219862 0.07868531898576496 0.09303338950728322 0.10655012419084958 0.12445824986834517 0.12085947533979159 0.15126007001404895 0.13821890653324356 0.1439440535070068 0.1412093773267001 0.14073642107573925 0.17398360764225176 0.15655416252659027 0.1545713432108149 0.1409862014459168 0.1403526276228947 0.16474251881854712 0.11766660463839027 0.09782030252741197 0.08543151821072072 0.08458310000043469 0.10301823190370299 0.11271831984321057 0.13008371803925528 0.17016325230341567
