algo_name: RNaD
game_name: leduc
game_str: leduc 
metric: nash_conv
smoothing_window: -1
wm_warmup_env_step: -1
uniform_nash_conv: 0.36517097956190625
seed: 42
steps: 0.0 576000.0 1152000.0 1728000.0 2304000.0 2880000.0 3456000.0 4032000.0 4608000.0 5184000.0 5760000.0 6336000.0 6912000.0 7488000.0 8064000.0 8640000.0 9216000.0 9792000.0 10368000.0 10944000.0 11520000.0 12096000.0 12672000.0 13248000.0 13824000.0 14400000.0 14976000.0 15552000.0 16128000.0 16704000.0 17280000.0
values: 0.36517097956190625 0.19004860982205157 0.13456030440805183 0.10309565389662702 0.0905984128733992 0.07997408806732939 0.07191258125943369 0.066644998959992 0.06983061918601702 0.06478664675469543 0.05599433052135327 0.07069319416875172 0.07754608612082374 0.07344723482295994 0.10072689611283092 0.10005345131164409 0.08232131602629011 0.09989130480379417 0.0753744616840119 0.08306388725654917 0.06273145221870566 0.06613441112974397 0.06388952141309119 0.06010856269940297 0.06085478707285842 0.05149980830604037 0.05812293310558141 0.08512408034269738 0.1035931376374633 0.09681786112636587 0.07287143141802786
seed: 99
steps: 0.0 576000.0 1152000.0 1728000.0 2304000.0 2880000.0 3456000.0 4032000.0 4608000.0 5184000.0 5760000.0 6336000.0 6912000.0 7488000.0 8064000.0 8640000.0 9216000.0 9792000.0 10368000.0 10944000.0 11520000.0 12096000.0 12672000.0 13248000.0 13824000.0 14400000.0 14976000.0 15552000.0 16128000.0 16704000.0 17280000.0
values: 0.36517097956190625 0.1915692670666171 0.12075408590515299 0.09672005239264966 0.10294515578169498 0.10095545198409575 0.09454321070178476 0.08165152606569771 0.08446532107310262 0.07370163549949747 0.06974023449367421 0.06925232236214127 0.06671714959640122 0.07952969274663466 0.08134070363094927 0.08204459689511383 0.0817256489074695 0.07837708075297875 0.08202476636158962 0.06661330955411804 0.07770825066958453 0.07045273839301289 0.07318025177785192 0.0724536436077306 0.07633817637525366 0.0590944615700767 0.07581180097665051 0.04664602679765245 0.03595457855643643 0.03407238679896776 0.038668120659001465
seed: 160
steps: 0.0 576000.0 1152000.0 1728000.0 2304000.0 2880000.0 3456000.0 4032000.0 4608000.0 5184000.0 5760000.0 6336000.0 6912000.0 7488000.0 8064000.0 8640000.0 9216000.0 9792000.0 10368000.0 10944000.0 11520000.0 12096000.0 12672000.0 13248000.0 13824000.0 14400000.0 14976000.0 15552000.0 16128000.0 16704000.0 17280000.0
values: 0.36517097956190625 0.18003075098550417 0.15366219159536054 0.12134532150966855 0.10397026849514399 0.10707743320853431 0.10076658000127048 0.09315341367703756 0.07658491843988531 0.07368556325301842 0.06553316799689585 0.06940747426243027 0.06699515024329862 0.06330667562520913 0.08355453547542872 0.09550693133263716 0.08075595877882843 0.08212465640393096 0.0647106714108459 0.07527241879330815 0.0596520718500827 0.058786925057610906 0.06591638589687235 0.04640859124125066 0.04548222700921549 0.04188113005788984 0.0443621083526894 0.049214008133980636 0.059866722831268884 0.08900162088053842 0.07920123566948395
seed: 308
steps: 0.0 576000.0 1152000.0 1728000.0 2304000.0 2880000.0 3456000.0 4032000.0 4608000.0 5184000.0 5760000.0 6336000.0 6912000.0 7488000.0 8064000.0 8640000.0 9216000.0 9792000.0 10368000.0 10944000.0 11520000.0 12096000.0 12672000.0 13248000.0 13824000.0 14400000.0 14976000.0 15552000.0 16128000.0 16704000.0 17280000.0
values: 0.36517097956190625 0.19515954285803064 0.1566642828647307 0.12383388245704809 0.11119331778365729 0.09494958601889567 0.08435571111184717 0.07692545190048446 0.07200046601953244 0.06978678511489143 0.10307695241687007 0.10955265799357003 0.12708961215368256 0.12012931550566242 0.13552854121235142 0.1008707002821786 0.08182228008420575 0.06887247340704658 0.05171151080836841 0.0434824321445671 0.04237636341593367 0.045754263933691273 0.044488310644992035 0.046930849240972385 0.04553966435297776 0.055914698658217715 0.06435936149478055 0.0601343898673177 0.06937143793655796 0.06596420097315689 0.07760365365102356
seed: 150
steps: 0.0 576000.0 1152000.0 1728000.0 2304000.0 2880000.0 3456000.0 4032000.0 4608000.0 5184000.0 5760000.0 6336000.0 6912000.0 7488000.0 8064000.0 8640000.0 9216000.0 9792000.0 10368000.0 10944000.0 11520000.0 12096000.0 12672000.0 13248000.0 13824000.0 14400000.0 14976000.0 15552000.0 16128000.0 16704000.0 17280000.0
values: 0.36517097956190625 0.18093377812243944 0.14314735890309216 0.14148291636985405 0.11379002758422924 0.09408979532271916 0.07896864614260415 0.06673118423165508 0.05882099379249661 0.05928460753933179 0.06005422099994649 0.07036412167243307 0.058686887825090774 0.044079943692966986 0.07720855081267067 0.056347081272182464 0.053314522718427584 0.06974596514033155 0.0511326774606182 0.04718507898264905 0.06639265096951842 0.09379353671153716 0.07084835659954147 0.06950242209936781 0.06790960718318342 0.06388221262084556 0.07442407782704537 0.1232864412600547 0.12321967152860142 0.1120767234725046 0.09503941930292847
seed: 999
steps: 0.0 576000.0 1152000.0 1728000.0 2304000.0 2880000.0 3456000.0 4032000.0 4608000.0 5184000.0 5760000.0 6336000.0 6912000.0 7488000.0 8064000.0 8640000.0 9216000.0 9792000.0 10368000.0 10944000.0 11520000.0 12096000.0 12672000.0 13248000.0 13824000.0 14400000.0 14976000.0 15552000.0 16128000.0 16704000.0 17280000.0
values: 0.36517097956190625 0.21708427771160116 0.14905114781371315 0.1148324938427891 0.09281171989009061 0.10274898569368641 0.10189105556966752 0.09886695008168579 0.09014959925339883 0.09101015714148791 0.08105687050323443 0.07503693585899995 0.08618742579232708 0.09819550430803438 0.09610146531985403 0.08726961511326684 0.09404027907041684 0.09039767888543514 0.09887369272124781 0.09270666763983205 0.07895651607075874 0.06117810034891299 0.07162380104627195 0.07923652636457729 0.06343677029866938 0.0577886758485275 0.06592889793043247 0.04633324361956306 0.041952342636351364 0.04926056383827325 0.052206005547888415
seed: 616
steps: 0.0 576000.0 1152000.0 1728000.0 2304000.0 2880000.0 3456000.0 4032000.0 4608000.0 5184000.0 5760000.0 6336000.0 6912000.0 7488000.0 8064000.0 8640000.0 9216000.0 9792000.0 10368000.0 10944000.0 11520000.0 12096000.0 12672000.0 13248000.0 13824000.0 14400000.0 14976000.0 15552000.0 16128000.0 16704000.0 17280000.0
values: 0.36517097956190625 0.1846398671029502 0.13219537065083828 0.10491506588370289 0.08626506370738243 0.07337123763186391 0.06575678517352831 0.06062871236276027 0.053206460886752294 0.09170210354856603 0.08098574777615333 0.09250270298226665 0.09467650627282866 0.07676306752420695 0.07137191359371937 0.07350307185522309 0.08655750775904257 0.0901898620639615 0.09892311608487081 0.10428141743815023 0.07898119717385506 0.058795708921798875 0.06789892836050006 0.07688918391013783 0.0834415064614891 0.052086757641481185 0.0490995618851026 0.04496575782179788 0.043769945099198335 0.041377551360427506 0.08600777185811885
seed: 19
steps: 0.0 576000.0 1152000.0 1728000.0 2304000.0 2880000.0 3456000.0 4032000.0 4608000.0 5184000.0 5760000.0 6336000.0 6912000.0 7488000.0 8064000.0 8640000.0 9216000.0 9792000.0 10368000.0 10944000.0 11520000.0 12096000.0 12672000.0 13248000.0 13824000.0 14400000.0 14976000.0 15552000.0 16128000.0 16704000.0 17280000.0
values: 0.36517097956190625 0.1934865462304702 0.14888870549838235 0.10974935273526348 0.1011297202707444 0.08741290695768233 0.0701008345167293 0.07043650880932584 0.06439174507817402 0.0734831897429619 0.08117477117612915 0.06168029268435871 0.07264065441104083 0.06217928590007203 0.05579434221373757 0.04990699248877377 0.05610744451921329 0.07948733633810857 0.07268383112798713 0.07831618864401275 0.06946559679554677 0.07597530502336865 0.05508664409677803 0.050929880421324805 0.043428118346490824 0.04614863239646283 0.043986595760776855 0.052911365340274755 0.04320235259491209 0.04347824085564479 0.04078887824902542
seed: 1000
steps: 0.0 576000.0 1152000.0 1728000.0 2304000.0 2880000.0 3456000.0 4032000.0 4608000.0 5184000.0 5760000.0 6336000.0 6912000.0 7488000.0 8064000.0 8640000.0 9216000.0 9792000.0 10368000.0 10944000.0 11520000.0 12096000.0 12672000.0 13248000.0 13824000.0 14400000.0 14976000.0 15552000.0 16128000.0 16704000.0 17280000.0
values: 0.36517097956190625 0.1899426195959077 0.12927326293704708 0.10891100550949974 0.09538988358690528 0.09452897791509407 0.09375932610891266 0.08937839896543705 0.07465938444409856 0.08080146465717766 0.07116366565008136 0.07997226316762521 0.10557876018525815 0.1307960793250702 0.11669518841532363 0.08694469952225148 0.07815211928120167 0.05421968614108594 0.05036790494799799 0.04089307157899048 0.04737329902962317 0.08321695188055533 0.09166503477146673 0.11288875302205184 0.09765359756677307 0.09211267874916802 0.06869010494763494 0.050280914178105825 0.0515426137987209 0.04272241849752181 0.04344493219055673
seed: 513
steps: 0.0 576000.0 1152000.0 1728000.0 2304000.0 2880000.0 3456000.0 4032000.0 4608000.0 5184000.0 5760000.0 6336000.0 6912000.0 7488000.0 8064000.0 8640000.0 9216000.0 9792000.0 10368000.0 10944000.0 11520000.0 12096000.0 12672000.0 13248000.0 13824000.0 14400000.0 14976000.0 15552000.0 16128000.0 16704000.0 17280000.0
values: 0.36517097956190625 0.18387023149510165 0.12291921993819406 0.10251769767924364 0.08578450886659211 0.07309611329683491 0.06960948636117273 0.07357945201701319 0.07142528253116923 0.08456774355244091 0.0839597375159563 0.09613996999680155 0.0918487939062545 0.09783176628273454 0.10582743394548941 0.09958344146336465 0.10369184555516878 0.10224809451994527 0.07019845254566542 0.07879112617789984 0.07108053580402937 0.06207855030237479 0.05485350611056225 0.07570593305281856 0.0933146099097067 0.08050253231808169 0.06219654291182686 0.09508691279762778 0.0697315006240725 0.05094856095530263 0.04760176831727846
