algo_name: RNaD
game_name: leduc
game_str: leduc 
metric: nash_conv
smoothing_window: -1
wm_warmup_env_step: 576000.0
uniform_nash_conv: 0.36517097956190625
seed: 42
steps: 0.0 576000.0 1152000.0 1728000.0 2304000.0 2880000.0 3456000.0 4032000.0 4608000.0 5184000.0 5760000.0 6336000.0 6912000.0 7488000.0 8064000.0 8640000.0 9216000.0 9792000.0 10368000.0 10944000.0 11520000.0 12096000.0 12672000.0 13248000.0 13824000.0 14400000.0 14976000.0 15552000.0 16128000.0 16704000.0 17280000.0
values: 0.36517097956190625 0.22807215650283746 0.15815173801414198 0.12135834403922761 0.0981153700859139 0.0879082500170845 0.0800118908002252 0.07108087609635176 0.06395776281372456 0.07022873800294727 0.05676145300873717 0.0803055118867774 0.10742684548581541 0.09715955578017901 0.11572684922460405 0.09798598423969943 0.1041251363187773 0.11855386466543627 0.07943458220692194 0.081897086960837 0.07246650604484225 0.08581140795581768 0.07340432403293971 0.06755573008641565 0.06521130092750978 0.053018883662581666 0.0691971290881663 0.06755049291169843 0.11804440577442166 0.10113326800160778 0.11057138092986979
seed: 99
steps: 0.0 576000.0 1152000.0 1728000.0 2304000.0 2880000.0 3456000.0 4032000.0 4608000.0 5184000.0 5760000.0 6336000.0 6912000.0 7488000.0 8064000.0 8640000.0 9216000.0 9792000.0 10368000.0 10944000.0 11520000.0 12096000.0 12672000.0 13248000.0 13824000.0 14400000.0 14976000.0 15552000.0 16128000.0 16704000.0 17280000.0
values: 0.36517097956190625 0.1982589748620069 0.1319145110195052 0.1076689785694547 0.10145727089600615 0.09106028219658371 0.10097844242404043 0.08406700642379777 0.07530567438116578 0.07983259815872693 0.09274904491992997 0.07432163873180664 0.0646258517551538 0.07279844579579076 0.08583402658682493 0.07566747328474738 0.09154604654315647 0.06529090766091486 0.06797772625246051 0.08757021197480805 0.06619163659504387 0.0797827756723512 0.07246789225808797 0.07652428308830111 0.08296805747784158 0.08083231803058401 0.07193686286434056 0.05682941683305158 0.05911097012740978 0.06298749903100517 0.08690717222323485
seed: 160
steps: 0.0 576000.0 1152000.0 1728000.0 2304000.0 2880000.0 3456000.0 4032000.0 4608000.0 5184000.0 5760000.0 6336000.0 6912000.0 7488000.0 8064000.0 8640000.0 9216000.0 9792000.0 10368000.0 10944000.0 11520000.0 12096000.0 12672000.0 13248000.0 13824000.0 14400000.0 14976000.0 15552000.0 16128000.0 16704000.0 17280000.0
values: 0.36517097956190625 0.19922480910832027 0.15178722538336897 0.12772693506168553 0.13630110624491582 0.12917486220508578 0.11969947203062045 0.10608142182546651 0.08537084683460186 0.07849680575244321 0.0669119435934396 0.061436644638525335 0.057078312923970934 0.05538982748191882 0.08501404027885807 0.11048662889033015 0.10521918983109621 0.13200768094044757 0.11764451782594545 0.10256910903528627 0.09487025267653279 0.07713415471009541 0.06786265424155702 0.07009727572267957 0.06190733698277343 0.07446198339305007 0.06939351978935981 0.0882194524916481 0.09862973343349214 0.07802235545620341 0.09086330973376426
seed: 308
steps: 0.0 576000.0 1152000.0 1728000.0 2304000.0 2880000.0 3456000.0 4032000.0 4608000.0 5184000.0 5760000.0 6336000.0 6912000.0 7488000.0 8064000.0 8640000.0 9216000.0 9792000.0 10368000.0 10944000.0 11520000.0 12096000.0 12672000.0 13248000.0 13824000.0 14400000.0 14976000.0 15552000.0 16128000.0 16704000.0 17280000.0
values: 0.36517097956190625 0.20102983570910243 0.17383322528848194 0.16324150563910506 0.1538935024925045 0.14144169154805275 0.1264789462257565 0.11172263158232744 0.10006726652264576 0.08676242521972713 0.07761060749437941 0.07023579067927249 0.06032877942868549 0.05689590644269396 0.0655526989206135 0.0879324294002817 0.10442641316130238 0.08574683390581431 0.07453619061438577 0.060950559832781054 0.07245917550384248 0.0663697737373848 0.06998638107152844 0.07220657012799062 0.09433869237630746 0.07839192713005073 0.08894284752249534 0.08335807525136871 0.08847550578606247 0.08010964316423536 0.06481038866814823
seed: 150
steps: 0.0 576000.0 1152000.0 1728000.0 2304000.0 2880000.0 3456000.0 4032000.0 4608000.0 5184000.0 5760000.0 6336000.0 6912000.0 7488000.0 8064000.0 8640000.0 9216000.0 9792000.0 10368000.0 10944000.0 11520000.0 12096000.0 12672000.0 13248000.0 13824000.0 14400000.0 14976000.0 15552000.0 16128000.0 16704000.0 17280000.0
values: 0.36517097956190625 0.19201603298730047 0.13778893619065052 0.12094400066592578 0.1126329397672923 0.11115013232286539 0.09533116401328003 0.07574165135495242 0.06689073477728466 0.061571107337073654 0.06968379289907652 0.061029734005878966 0.07079232116957343 0.062332972836353015 0.08798184247392302 0.08584446585455868 0.08183502866342966 0.09306677281830386 0.09889463063533824 0.09159496230619703 0.13092358615947686 0.10332920045292049 0.11499450330300011 0.06632813862090924 0.11482819781059322 0.10338527616082022 0.10982031125513339 0.13016385265387326 0.14594090528036882 0.14785399880038258 0.13036445610774228
seed: 999
steps: 0.0 576000.0 1152000.0 1728000.0 2304000.0 2880000.0 3456000.0 4032000.0 4608000.0 5184000.0 5760000.0 6336000.0 6912000.0 7488000.0 8064000.0 8640000.0 9216000.0 9792000.0 10368000.0 10944000.0 11520000.0 12096000.0 12672000.0 13248000.0 13824000.0 14400000.0 14976000.0 15552000.0 16128000.0 16704000.0 17280000.0
values: 0.36517097956190625 0.21736221272469253 0.13421574235515243 0.10518224411607315 0.09764544415841483 0.09427141958372914 0.0882749730813456 0.08754375301688687 0.08050614264233655 0.08168876095766578 0.07393250176176328 0.07242489704893154 0.06547382305597053 0.07026397532091012 0.06185436762584408 0.06931331760752735 0.07874575596273294 0.08095408625741449 0.0708230285414528 0.07627126790608339 0.087381615476024 0.08925114068665982 0.0995776754876631 0.1001680667925085 0.09047850843657633 0.08551050502400734 0.07647232649266586 0.06390032201238521 0.068978567618791 0.0908042082866933 0.11090106732448943
seed: 616
steps: 0.0 576000.0 1152000.0 1728000.0 2304000.0 2880000.0 3456000.0 4032000.0 4608000.0 5184000.0 5760000.0 6336000.0 6912000.0 7488000.0 8064000.0 8640000.0 9216000.0 9792000.0 10368000.0 10944000.0 11520000.0 12096000.0 12672000.0 13248000.0 13824000.0 14400000.0 14976000.0 15552000.0 16128000.0 16704000.0 17280000.0
values: 0.36517097956190625 0.1918488557934664 0.1375266996554895 0.10808541969541913 0.09416296420474426 0.08595848754522945 0.07797360628204705 0.0699030075494009 0.06446072093447514 0.06881608493086315 0.07532592424202444 0.07179673237968068 0.0952144302439751 0.0940169622819422 0.08541586752537755 0.105128620760303 0.12231384567727711 0.12620384165230938 0.12154696553030298 0.12692927533330245 0.09575438455859916 0.10978444761300264 0.11730423366731665 0.09395422155796526 0.14760207314076618 0.08031940373167243 0.0563462094195254 0.058452750569630646 0.058516337730808984 0.056131374433052335 0.06945467639107333
seed: 19
steps: 0.0 576000.0 1152000.0 1728000.0 2304000.0 2880000.0 3456000.0 4032000.0 4608000.0 5184000.0 5760000.0 6336000.0 6912000.0 7488000.0 8064000.0 8640000.0 9216000.0 9792000.0 10368000.0 10944000.0 11520000.0 12096000.0 12672000.0 13248000.0 13824000.0 14400000.0 14976000.0 15552000.0 16128000.0 16704000.0 17280000.0
values: 0.36517097956190625 0.19066803931584017 0.1453614581380826 0.10947387722186888 0.0984673201753779 0.08651529362957365 0.07567790599180543 0.06733180896036951 0.05850074382984072 0.06389268518538216 0.07647065188607186 0.08273035747869396 0.10007750269395942 0.0862326778730477 0.08334163294979101 0.11858608889328805 0.09318685754454745 0.10484856722370219 0.08176150257544822 0.05982266682098992 0.04798845763022037 0.047306550291376856 0.053733162674895855 0.045828296990857394 0.048515773177248325 0.06203228446242007 0.050396639833620256 0.08756498726688525 0.10019341726941786 0.09978978401309985 0.0820927788959307
seed: 1000
steps: 0.0 576000.0 1152000.0 1728000.0 2304000.0 2880000.0 3456000.0 4032000.0 4608000.0 5184000.0 5760000.0 6336000.0 6912000.0 7488000.0 8064000.0 8640000.0 9216000.0 9792000.0 10368000.0 10944000.0 11520000.0 12096000.0 12672000.0 13248000.0 13824000.0 14400000.0 14976000.0 15552000.0 16128000.0 16704000.0 17280000.0
values: 0.36517097956190625 0.1953060469491138 0.14712259827719446 0.11454644148325722 0.10069430663061288 0.09590550243290022 0.09037881419982705 0.0805225677688555 0.07224383555197503 0.07061728999935271 0.0633892689379101 0.060929702268317176 0.06619509604281704 0.07951627763457911 0.08306601152248569 0.0650027582893293 0.05945139699509025 0.04556982397205031 0.04675882893426517 0.04889521665262268 0.05313555417499415 0.04521161441247395 0.04602181335918027 0.05396711967378097 0.05738671096549827 0.059316340479477606 0.05727480289436428 0.04592163867633192 0.05918567163915693 0.08354670433336411 0.0974824598481332
seed: 513
steps: 0.0 576000.0 1152000.0 1728000.0 2304000.0 2880000.0 3456000.0 4032000.0 4608000.0 5184000.0 5760000.0 6336000.0 6912000.0 7488000.0 8064000.0 8640000.0 9216000.0 9792000.0 10368000.0 10944000.0 11520000.0 12096000.0 12672000.0 13248000.0 13824000.0 14400000.0 14976000.0 15552000.0 16128000.0 16704000.0 17280000.0
values: 0.36517097956190625 0.18027736881623052 0.11926206549429072 0.10031987909055176 0.08649135007775982 0.07839987444412272 0.06661239222902579 0.05753110175552396 0.0557270703710913 0.05966970011104575 0.09202976493035088 0.11072020199805582 0.10789545561076161 0.08916177059915445 0.1041909981059789 0.09705296187079021 0.10442518098238764 0.11206738911462245 0.10714417307012283 0.1494797799141297 0.12793996009404202 0.12597298480780672 0.09045809108161379 0.07966963025928193 0.08975710473156982 0.0735605368468665 0.0790467880409437 0.13522194812968769 0.10804449809400737 0.09612421459664021 0.08452144577864583
