algo_name: Decentral
game_name: perturbed_rps
game_str: perturbed_rps 
metric: nash_conv
smoothing_window: -1
wm_warmup_env_step: 12800.0
uniform_nash_conv: 0.6666666865348816
seed: 42
steps: 0.0 12800.0 25600.0 38400.0 51200.0 64000.0 76800.0 89600.0 102400.0 115200.0 128000.0
values: 0.6666666865348816 0.6666666865348816 0.8596901148557663 2.4110421668738127 2.910336199682206 2.9647964877076447 2.9730661031790078 2.9740345762111247 2.9669319961685687 2.9601275152526796 2.96520567627158
seed: 99
steps: 0.0 12800.0 25600.0 38400.0 51200.0 64000.0 76800.0 89600.0 102400.0 115200.0 128000.0
values: 0.6666666865348816 0.6666666865348816 0.7794021964073181 2.0576799735426903 2.816474363207817 2.9425821215845644 2.968125008046627 2.963154634577222 2.957256594556384 2.9521972711663693 2.950635215966031
seed: 160
steps: 0.0 12800.0 25600.0 38400.0 51200.0 64000.0 76800.0 89600.0 102400.0 115200.0 128000.0
values: 0.6666666865348816 0.6666666865348816 0.7326381802558899 1.7476078122854233 2.7863613553345203 2.937498810701072 2.9705971530638635 2.975233747623861 2.970526376273483 2.9562105864752084 2.9588954166974872
seed: 308
steps: 0.0 12800.0 25600.0 38400.0 51200.0 64000.0 76800.0 89600.0 102400.0 115200.0 128000.0
values: 0.6666666865348816 0.6666666865348816 0.8874797075986862 2.5653610303997993 2.9083750937134027 2.939672855194658 2.9522265316918492 2.9541051108390093 2.9471724932081997 2.9477490328717977 2.9576726008672267
seed: 150
steps: 0.0 12800.0 25600.0 38400.0 51200.0 64000.0 76800.0 89600.0 102400.0 115200.0 128000.0
values: 0.6666666865348816 0.6666666865348816 1.8855731263756752 2.7381077148020267 2.938968679867685 2.9693721146322787 2.9720389132853597 2.9770618316251785 2.968156051589176 2.960663362406194 2.966043309075758
seed: 999
steps: 0.0 12800.0 25600.0 38400.0 51200.0 64000.0 76800.0 89600.0 102400.0 115200.0 128000.0
values: 0.6666666865348816 0.6666666865348816 1.0863575041294098 2.310245208442211 2.78560321778059 2.9448887896724045 2.967981362948194 2.9608983581420034 2.972187413368374 2.971916601061821 2.9649649576749653
seed: 616
steps: 0.0 12800.0 25600.0 38400.0 51200.0 64000.0 76800.0 89600.0 102400.0 115200.0 128000.0
values: 0.6666666865348816 0.6666666865348816 1.3129355609416962 2.550293494015932 2.9090110575780272 2.963189519941807 2.9699333573225886 2.965603784425184 2.967139364220202 2.9700835093390197 2.9684883400332183
seed: 19
steps: 0.0 12800.0 25600.0 38400.0 51200.0 64000.0 76800.0 89600.0 102400.0 115200.0 128000.0
values: 0.6666666865348816 0.6666666865348816 1.0756596624851227 2.18107633292675 2.7943110521882772 2.9507473120465875 2.976804107427597 2.9772962213028222 2.9769299449399114 2.969903738005087 2.96235045325011
seed: 1000
steps: 0.0 12800.0 25600.0 38400.0 51200.0 64000.0 76800.0 89600.0 102400.0 115200.0 128000.0
values: 0.6666666865348816 0.6666666865348816 1.8417325764894485 2.7585181314498186 2.947762416675687 2.9720276133157313 2.975095121655613 2.9699066306930035 2.9605056561995298 2.972350705647841 2.969417347572744
seed: 513
steps: 0.0 12800.0 25600.0 38400.0 51200.0 64000.0 76800.0 89600.0 102400.0 115200.0 128000.0
values: 0.6666666865348816 0.6666666865348816 0.7097273170948029 0.9783232510089874 2.644409144297242 2.9291999144479632 2.961619813926518 2.9683894370682538 2.9674294381402433 2.9706599635537714 2.9551737962756306
