algo_name: RNaD
game_name: goofspiel_5
game_str: goofspiel Param: num_cards value: 5
metric: nash_conv
smoothing_window: -1
wm_warmup_env_step: 320000.0
uniform_nash_conv: 1.5500000692904004
seed: 42
steps: 0.0 320000.0 640000.0 960000.0 1280000.0 1600000.0 1920000.0 2240000.0 2560000.0 2880000.0 3200000.0 3520000.0 3840000.0 4160000.0 4480000.0 4800000.0 5120000.0 5440000.0 5760000.0 6080000.0 6400000.0 6720000.0 7040000.0 7360000.0 7680000.0 8000000.0 8320000.0 8640000.0 8960000.0 9280000.0 9600000.0
values: 1.5500000692904004 1.2116339931952442 0.7245102435343433 0.5722824268308833 0.6503278816438688 0.5781862850775581 0.5054104142244213 0.4396617082701764 0.5057528906398654 0.4304359347748311 0.393222744817355 0.3026345415935221 0.3232343162696568 0.3126290443980198 0.35035976405285474 0.3270918710711214 0.2905436923760828 0.33328306160621607 0.27286611223624246 0.3515801399340706 0.36428352691175936 0.3014325626083036 0.2851942741459283 0.3933062814479422 0.40386627888519133 0.3722358888489502 0.42765759075096277 0.4342531718089929 0.2628516331151163 0.2538235203019148 0.28458947035234794
seed: 99
steps: 0.0 320000.0 640000.0 960000.0 1280000.0 1600000.0 1920000.0 2240000.0 2560000.0 2880000.0 3200000.0 3520000.0 3840000.0 4160000.0 4480000.0 4800000.0 5120000.0 5440000.0 5760000.0 6080000.0 6400000.0 6720000.0 7040000.0 7360000.0 7680000.0 8000000.0 8320000.0 8640000.0 8960000.0 9280000.0 9600000.0
values: 1.5500000692904004 1.166141778138259 0.6337486089668809 0.5293148386998651 0.5717470617495707 0.5383219096036598 0.4820903227109947 0.4198892769137912 0.4031941901372124 0.4166349152959739 0.31370968003844224 0.3397252960451005 0.3690693028786267 0.38154832464026717 0.35289565888217544 0.35234273558042395 0.3000813474340568 0.2700593469204742 0.257036478391443 0.2797029716139293 0.3075926566330449 0.38197762656620843 0.3406193028150134 0.28760273130185987 0.30376618654203186 0.27098934866261615 0.3058511150624701 0.3009574226076522 0.2771212045803883 0.3416436164258779 0.4091400390629342
seed: 160
steps: 0.0 320000.0 640000.0 960000.0 1280000.0 1600000.0 1920000.0 2240000.0 2560000.0 2880000.0 3200000.0 3520000.0 3840000.0 4160000.0 4480000.0 4800000.0 5120000.0 5440000.0 5760000.0 6080000.0 6400000.0 6720000.0 7040000.0 7360000.0 7680000.0 8000000.0 8320000.0 8640000.0 8960000.0 9280000.0 9600000.0
values: 1.5500000692904004 1.159736729550294 0.7388054231348451 0.531802911003602 0.6271897483443939 0.46227842380000783 0.45772068992768844 0.5402824651002817 0.455675605518547 0.3613587802517959 0.3411768038998724 0.36106650989173406 0.2997560242911854 0.3892023498657232 0.26030601889376326 0.3019360830410828 0.32346380070220365 0.41251658223340015 0.4846382841697431 0.38026458296710725 0.37470121489367897 0.3510362169803626 0.3567832012858276 0.326113674042737 0.41042535806749997 0.39319984390927043 0.30577767156829216 0.2856239780380186 0.417635750597604 0.3418724814986225 0.3057278002656736
seed: 308
steps: 0.0 320000.0 640000.0 960000.0 1280000.0 1600000.0 1920000.0 2240000.0 2560000.0 2880000.0 3200000.0 3520000.0 3840000.0 4160000.0 4480000.0 4800000.0 5120000.0 5440000.0 5760000.0 6080000.0 6400000.0 6720000.0 7040000.0 7360000.0 7680000.0 8000000.0 8320000.0 8640000.0 8960000.0 9280000.0 9600000.0
values: 1.5500000692904004 1.1225984443972519 0.5112857625761638 0.5978360714782662 0.5354060896539796 0.5277734525300171 0.6062885973007595 0.32608724388278043 0.4474105509939463 0.4064102949703431 0.4611285479967323 0.2857077265502874 0.445341463777312 0.4016098597464291 0.6110058146753394 0.3426636616152898 0.46742648440513607 0.4619145783250439 0.36041337313861666 0.3943131301652603 0.3115601417080669 0.3304942943941762 0.3122522348407232 0.327930856077541 0.4526750176922158 0.5084045501143918 0.4563950980171028 0.5099467511664473 0.4287110993030475 0.31335754132208227 0.3752007739235289
seed: 150
steps: 0.0 320000.0 640000.0 960000.0 1280000.0 1600000.0 1920000.0 2240000.0 2560000.0 2880000.0 3200000.0 3520000.0 3840000.0 4160000.0 4480000.0 4800000.0 5120000.0 5440000.0 5760000.0 6080000.0 6400000.0 6720000.0 7040000.0 7360000.0 7680000.0 8000000.0 8320000.0 8640000.0 8960000.0 9280000.0 9600000.0
values: 1.5500000692904004 1.1741555506562313 0.7285469426598242 0.6197470988215861 0.8154697608889185 0.48468732881198473 0.364905274034292 0.4664342176341914 0.40109432693140534 0.4346592718873351 0.41786034910096553 0.508467608223762 0.4068943630359444 0.4121808459211548 0.342936226797535 0.4868808399899345 0.4527561069211551 0.33192856276481814 0.34386766590137585 0.4346562113721552 0.3850049707887544 0.4297943762084804 0.3689956550897683 0.38047745693936375 0.35559399800107916 0.3455854578298153 0.3041110051525432 0.25815647581616236 0.2645559326592899 0.34349896517092643 0.26750206721069825
seed: 999
steps: 0.0 320000.0 640000.0 960000.0 1280000.0 1600000.0 1920000.0 2240000.0 2560000.0 2880000.0 3200000.0 3520000.0 3840000.0 4160000.0 4480000.0 4800000.0 5120000.0 5440000.0 5760000.0 6080000.0 6400000.0 6720000.0 7040000.0 7360000.0 7680000.0 8000000.0 8320000.0 8640000.0 8960000.0 9280000.0 9600000.0
values: 1.5500000692904004 1.1241998136814009 0.5722577193176682 0.4780168093995215 0.6503459236177985 0.5887697157062202 0.3920909055474526 0.3722639251287855 0.31716782770437013 0.33297124758634633 0.35710574470469614 0.40308878570714257 0.3867420712994709 0.5007186399922704 0.36318561492409196 0.25749134686058284 0.30871680949480945 0.31317878701742247 0.36600840185042016 0.3219363883591677 0.2921966855372252 0.3269096140236214 0.2850872493191533 0.3637448934637998 0.3496361551346425 0.3370704817715099 0.47985510377365 0.4936634978194896 0.47182881452702624 0.30635436026446106 0.32318974713270077
seed: 616
steps: 0.0 320000.0 640000.0 960000.0 1280000.0 1600000.0 1920000.0 2240000.0 2560000.0 2880000.0 3200000.0 3520000.0 3840000.0 4160000.0 4480000.0 4800000.0 5120000.0 5440000.0 5760000.0 6080000.0 6400000.0 6720000.0 7040000.0 7360000.0 7680000.0 8000000.0 8320000.0 8640000.0 8960000.0 9280000.0 9600000.0
values: 1.5500000692904004 1.226256600116626 0.7712669137434764 0.5278756936394831 0.6617055718701073 0.4848440596040945 0.5375238492405189 0.47175986814374404 0.3606739966342488 0.3403857325284886 0.42369523038298357 0.3301148028265304 0.32989965767250795 0.28457321739768426 0.3434105055285004 0.4100967476026424 0.31131341299091636 0.36740099821955186 0.398194227153583 0.4001160463487437 0.36680145443068735 0.3218538432839257 0.2971827953652325 0.2704697683137498 0.26463890015111424 0.282550814799594 0.33208789148433315 0.3468859115364472 0.29874675308537335 0.3006873877179558 0.4139110389828552
seed: 19
steps: 0.0 320000.0 640000.0 960000.0 1280000.0 1600000.0 1920000.0 2240000.0 2560000.0 2880000.0 3200000.0 3520000.0 3840000.0 4160000.0 4480000.0 4800000.0 5120000.0 5440000.0 5760000.0 6080000.0 6400000.0 6720000.0 7040000.0 7360000.0 7680000.0 8000000.0 8320000.0 8640000.0 8960000.0 9280000.0 9600000.0
values: 1.5500000692904004 1.2205018080527315 0.7107252024308875 0.4472732020969493 0.6735768681758918 0.5269503007174823 0.37012420219740144 0.39546457288771764 0.3150814047331946 0.2784604729240848 0.43615409571242775 0.40615425067320693 0.5242301823002438 0.2824053142322819 0.4007637306637971 0.3008888840961011 0.3982075738124452 0.4338930526430662 0.5464779437692563 0.5324962783810616 0.45437836135486587 0.42008343265472653 0.3841191796665764 0.4560893783377463 0.49977557048375737 0.4914618970926319 0.3976888496302958 0.4619524482718831 0.3986105384177966 0.4044107450683438 0.3376201688706443
seed: 1000
steps: 0.0 320000.0 640000.0 960000.0 1280000.0 1600000.0 1920000.0 2240000.0 2560000.0 2880000.0 3200000.0 3520000.0 3840000.0 4160000.0 4480000.0 4800000.0 5120000.0 5440000.0 5760000.0 6080000.0 6400000.0 6720000.0 7040000.0 7360000.0 7680000.0 8000000.0 8320000.0 8640000.0 8960000.0 9280000.0 9600000.0
values: 1.5500000692904004 1.2596807018041134 0.8177300755164116 0.5951280214395153 0.5030089640179969 0.439350552695556 0.3263777518056115 0.31069631212811916 0.33850278587572535 0.31887896909264024 0.3091446849177083 0.290448596998517 0.3127999642021779 0.29016686235575073 0.40002489988227763 0.39965635955672973 0.46378670935377064 0.3347282959738996 0.2803174546241133 0.37448408327880695 0.4210715911114651 0.3327113054505798 0.29930371873603945 0.3512613305036093 0.35327673810301496 0.35011760986469037 0.2962786446270447 0.37941745275449384 0.29587320930336164 0.3558931572019839 0.31581125065595606
seed: 513
steps: 0.0 320000.0 640000.0 960000.0 1280000.0 1600000.0 1920000.0 2240000.0 2560000.0 2880000.0 3200000.0 3520000.0 3840000.0 4160000.0 4480000.0 4800000.0 5120000.0 5440000.0 5760000.0 6080000.0 6400000.0 6720000.0 7040000.0 7360000.0 7680000.0 8000000.0 8320000.0 8640000.0 8960000.0 9280000.0 9600000.0
values: 1.5500000692904004 1.1141909842514217 0.6420537160586569 0.5852817037914304 0.538448397097968 0.7186063079050444 0.4930719051424304 0.41996912082727467 0.3855103512048465 0.4399063582623742 0.5135719918046516 0.44543956901757575 0.3116932322177012 0.3103686572921709 0.3504045624523703 0.3721588891695961 0.35422540958431137 0.3358842409341451 0.3112932958100505 0.3071463897521358 0.3117083544299022 0.371117612984719 0.34350208627030654 0.3057858100098779 0.31935245223477016 0.28797234921070236 0.256459544803293 0.2927568990054627 0.27550031396507835 0.3103388175842968 0.277809440370831
