algo_name: MMD_0
game_name: leduc
game_str: leduc 
metric: nash_conv
smoothing_window: -1
wm_warmup_env_step: -1
uniform_nash_conv: 0.36517097956190625
seed: 42
steps: 0.0 576000.0 1152000.0 1728000.0 2304000.0 2880000.0 3456000.0 4032000.0 4608000.0 5184000.0 5760000.0
values: 0.36517097956190625 0.12554668298429458 0.11447931399695294 0.10517374700324408 0.08398076376719928 0.08371419587954734 0.07282339532591335 0.1001975029944018 0.07858329377553047 0.08534551960289374 0.07794808352101551
seed: 99
steps: 0.0 576000.0 1152000.0 1728000.0 2304000.0 2880000.0 3456000.0 4032000.0 4608000.0 5184000.0 5760000.0
values: 0.36517097956190625 0.11234475787187838 0.10402811433081846 0.08320406359416135 0.08776408953216738 0.07360481741356714 0.0878793247920224 0.0737295053954018 0.08557360871504265 0.08668595381642683 0.0840289767321789
seed: 160
steps: 0.0 576000.0 1152000.0 1728000.0 2304000.0 2880000.0 3456000.0 4032000.0 4608000.0 5184000.0 5760000.0
values: 0.36517097956190625 0.10496300680771162 0.08165037959354965 0.09567447946756391 0.09933103870225699 0.0824083129085234 0.08252384051657291 0.09518546119668168 0.08488485094324459 0.08106769665073979 0.07740106856794048
seed: 308
steps: 0.0 576000.0 1152000.0 1728000.0 2304000.0 2880000.0 3456000.0 4032000.0 4608000.0 5184000.0 5760000.0
values: 0.36517097956190625 0.09518411402657494 0.08840666817520325 0.06260300514047283 0.09469521650529175 0.10340881303972865 0.08927824534538947 0.07352406589879339 0.06900267674590244 0.0813450709167611 0.08824569252447498
seed: 150
steps: 0.0 576000.0 1152000.0 1728000.0 2304000.0 2880000.0 3456000.0 4032000.0 4608000.0 5184000.0 5760000.0
values: 0.36517097956190625 0.12355256355658809 0.08008931218149046 0.07354050034106122 0.09245381765738604 0.08327503377378728 0.0700139365653021 0.07838905648840269 0.060069170578390646 0.07915850951389282 0.06213272589849472
seed: 999
steps: 0.0 576000.0 1152000.0 1728000.0 2304000.0 2880000.0 3456000.0 4032000.0 4608000.0 5184000.0 5760000.0
values: 0.36517097956190625 0.10512051765764238 0.08645144018522413 0.08832019903486109 0.08575810819124648 0.07097358557749697 0.07653224653225993 0.08778202622394096 0.06665300570969487 0.08272871264639409 0.07252895714302116
seed: 616
steps: 0.0 576000.0 1152000.0 1728000.0 2304000.0 2880000.0 3456000.0 4032000.0 4608000.0 5184000.0 5760000.0
values: 0.36517097956190625 0.10506433665016156 0.09046999023357517 0.08457347221259601 0.09711310820054511 0.09302595515932127 0.08350350336814741 0.09048353681480978 0.0777781198838681 0.08883585313101729 0.08768444598242062
seed: 19
steps: 0.0 576000.0 1152000.0 1728000.0 2304000.0 2880000.0 3456000.0 4032000.0 4608000.0 5184000.0 5760000.0
values: 0.36517097956190625 0.10132409583888263 0.08356802586332862 0.09786085887505482 0.07880160575736814 0.09454345965817608 0.08104446743894284 0.09476116100447757 0.10791693432385571 0.09489360770105106 0.08546105821923937
seed: 1000
steps: 0.0 576000.0 1152000.0 1728000.0 2304000.0 2880000.0 3456000.0 4032000.0 4608000.0 5184000.0 5760000.0
values: 0.36517097956190625 0.11846676388592553 0.10881936317553659 0.09911147011847127 0.0931281039801071 0.08078741935148376 0.08859685717485469 0.07000109013034672 0.07760467981055688 0.06764912907249193 0.06494270138519226
seed: 513
steps: 0.0 576000.0 1152000.0 1728000.0 2304000.0 2880000.0 3456000.0 4032000.0 4608000.0 5184000.0 5760000.0
values: 0.36517097956190625 0.1129657284921913 0.09999572324454141 0.09992313006281311 0.08467973304498279 0.07317425207216825 0.06673734528103004 0.08586165171204548 0.07342554329587801 0.07906181858036304 0.07395220725943849
