algo_name: MMD_500
game_name: leduc
game_str: leduc 
metric: nash_conv
smoothing_window: -1
wm_warmup_env_step: 288000.0
uniform_nash_conv: 0.36517097956190625
seed: 42
steps: 0.0 576000.0 1152000.0 1728000.0 2304000.0 2880000.0 3456000.0 4032000.0 4608000.0 5184000.0 5760000.0
values: 0.36517097956190625 0.16603823420609784 0.10405333992617657 0.09813440420175595 0.07422380477642142 0.07796549917623789 0.0944816405600762 0.08947964747732251 0.06395656551622046 0.08006514097223602 0.07012580008806335
seed: 99
steps: 0.0 576000.0 1152000.0 1728000.0 2304000.0 2880000.0 3456000.0 4032000.0 4608000.0 5184000.0 5760000.0
values: 0.36517097956190625 0.11453148283368367 0.09566090652207895 0.08591935466201715 0.08031969866000549 0.0675860110052022 0.09687116580528696 0.07394986857305959 0.09015891226091971 0.0938063338479639 0.06513617868824839
seed: 160
steps: 0.0 576000.0 1152000.0 1728000.0 2304000.0 2880000.0 3456000.0 4032000.0 4608000.0 5184000.0 5760000.0
values: 0.36517097956190625 0.24196530158620638 0.08820515457323039 0.09862252308161304 0.09467069773812088 0.0815504201762664 0.07730375137776156 0.09333249425676292 0.07445605673882963 0.07933356576336856 0.08059286959404498
seed: 308
steps: 0.0 576000.0 1152000.0 1728000.0 2304000.0 2880000.0 3456000.0 4032000.0 4608000.0 5184000.0 5760000.0
values: 0.36517097956190625 0.11993539692894825 0.10158101692669781 0.07090187898683326 0.10673707952809518 0.09327267140178266 0.08917249207217201 0.06978097843842118 0.06610273567942407 0.07981606278065503 0.08290215619412497
seed: 150
steps: 0.0 576000.0 1152000.0 1728000.0 2304000.0 2880000.0 3456000.0 4032000.0 4608000.0 5184000.0 5760000.0
values: 0.36517097956190625 0.13138174123570784 0.08859386378905008 0.07482033069328432 0.09859629434541264 0.1092380782501963 0.06568945199611619 0.07805919537107188 0.0698606786078697 0.08342858715166493 0.0667061280168943
seed: 999
steps: 0.0 576000.0 1152000.0 1728000.0 2304000.0 2880000.0 3456000.0 4032000.0 4608000.0 5184000.0 5760000.0
values: 0.36517097956190625 0.1401318164778911 0.07863386100044378 0.09601410920721845 0.08292767422957328 0.07573196020912881 0.08444026215866288 0.09022271529044687 0.07044607815872878 0.07559452445705106 0.08381767443370922
seed: 616
steps: 0.0 576000.0 1152000.0 1728000.0 2304000.0 2880000.0 3456000.0 4032000.0 4608000.0 5184000.0 5760000.0
values: 0.36517097956190625 0.12270444915134865 0.09454198994342401 0.09149393201580781 0.0981032876145245 0.08517075850350125 0.09482009178534118 0.08929761574421038 0.06653224621762718 0.08789168274445906 0.07769606691813366
seed: 19
steps: 0.0 576000.0 1152000.0 1728000.0 2304000.0 2880000.0 3456000.0 4032000.0 4608000.0 5184000.0 5760000.0
values: 0.36517097956190625 0.2145811700935667 0.07566910643804689 0.09227303124615002 0.06772361345010461 0.08924508974781892 0.07709035446625587 0.08605452471364039 0.09246953465385925 0.07778233493722689 0.07230198215243938
seed: 1000
steps: 0.0 576000.0 1152000.0 1728000.0 2304000.0 2880000.0 3456000.0 4032000.0 4608000.0 5184000.0 5760000.0
values: 0.36517097956190625 0.1350252219982979 0.1040667254839325 0.08058728778577923 0.08252067037858105 0.07966158306882479 0.08443036724012054 0.06524195384569692 0.08636470930096454 0.07441367655363013 0.07199063514364058
seed: 513
steps: 0.0 576000.0 1152000.0 1728000.0 2304000.0 2880000.0 3456000.0 4032000.0 4608000.0 5184000.0 5760000.0
values: 0.36517097956190625 0.19472734894291482 0.09172644950143027 0.08885278016798046 0.08380857502550337 0.07673619332977666 0.08427897766110583 0.08005364867676365 0.07651024299035178 0.06795226670406732 0.07438758132081813
