algo_name: RNaD
game_name: phantom_ttt
game_str: phantom_ttt 
metric: nash_conv
smoothing_window: -1
wm_warmup_env_step: -1
uniform_nash_conv: 1.577464
seed: 19
steps: 0.0 1152000.0 2304000.0 3456000.0 4608000.0 5760000.0 6912000.0 8064000.0 9216000.0 10368000.0 11520000.0 12672000.0 13824000.0 14976000.0 16128000.0 17280000.0 18432000.0 19584000.0 20736000.0 21888000.0 23040000.0 24192000.0 25344000.0 26496000.0 27648000.0 28800000.0 29952000.0 31104000.0 32256000.0 33408000.0 34560000.0
values: 1.577464 1.57295 1.409183 1.222723 1.176824 1.109603 1.047551 1.020522 0.870086 0.958579 0.923496 0.821994 0.81842 0.837313 0.693725 0.693672 0.657166 0.645447 0.612174 0.624735 0.588424 0.590773 0.572414 0.597719 0.666189 0.568418 0.577031 0.499119 0.49846 0.554821 0.527636
expl_p0: 0.921164 0.89317 0.73553 0.638852 0.643472 0.657943 0.63299 0.657171 0.540589 0.639965 0.619821 0.526475 0.533923 0.56316 0.442924 0.460305 0.467582 0.46932 0.452014 0.456946 0.418405 0.420989 0.423097 0.450309 0.493589 0.395744 0.402711 0.349003 0.356433 0.383245 0.361162
expl_p1: 0.6563 0.67978 0.673654 0.583871 0.533351 0.45166 0.414561 0.363351 0.329497 0.318614 0.303675 0.295519 0.284496 0.274153 0.250801 0.233366 0.189584 0.176126 0.160159 0.167789 0.170019 0.169784 0.149317 0.14741 0.1726 0.172674 0.17432 0.150116 0.142026 0.171576 0.166474
seconds: 300.4 293.9 201.7 238.3 192.1 199.9 194.8 194.3 190.8 179.3 278.9 223.6 201.9 215.5 209.1 193.4 184.8 188.7 208.1 205.8 201.2 211.4 204.3 202.1 190.7 248.0 231.8 207.0 196.2 224.8 238.8
seed: 42
steps: 0.0 1152000.0 2304000.0 3456000.0 4608000.0 5760000.0 6912000.0 8064000.0 9216000.0 10368000.0 11520000.0 12672000.0 13824000.0 14976000.0 16128000.0 17280000.0 18432000.0 19584000.0 20736000.0 21888000.0 23040000.0 24192000.0 25344000.0 26496000.0 27648000.0 28800000.0 29952000.0 31104000.0 32256000.0 33408000.0 34560000.0
values: 1.577464 1.489816 1.311517 1.132472 1.028236 0.966034 0.976371 0.981882 0.982959 0.970902 0.875723 0.812666 0.767748 0.732433 0.751913 0.754176 0.725276 0.683452 0.624574 0.633069 0.554252 0.537333 0.551767 0.587763 0.516563 0.590061 0.564738 0.585918 0.497212 0.506677 0.503209
expl_p0: 0.921164 0.818214 0.669443 0.560267 0.536671 0.5483 0.59552 0.63062 0.65247 0.655202 0.598828 0.549338 0.510673 0.489483 0.542206 0.545216 0.539944 0.510578 0.456095 0.475451 0.397862 0.376417 0.399578 0.446522 0.361096 0.411604 0.395826 0.397567 0.319817 0.328591 0.320638
expl_p1: 0.6563 0.671602 0.642074 0.572205 0.491565 0.417734 0.38085 0.351262 0.330489 0.3157 0.276895 0.263328 0.257075 0.24295 0.209708 0.20896 0.185332 0.172874 0.168479 0.157618 0.156389 0.160916 0.152189 0.141242 0.155467 0.178457 0.168912 0.188351 0.177396 0.178086 0.182572
seconds: 185.2 189.7 186.2 165.9 178.0 178.2 192.3 185.1 173.6 186.0 217.6 176.6 200.3 188.6 191.4 191.3 199.3 208.8 205.5 210.7 192.2 184.0 191.1 196.1 196.1 213.7 184.5 195.1 181.2 196.3 178.9
seed: 99
steps: 0.0 1152000.0 2304000.0 3456000.0 4608000.0 5760000.0 6912000.0 8064000.0 9216000.0 10368000.0 11520000.0 12672000.0 13824000.0 14976000.0 16128000.0 17280000.0 18432000.0 19584000.0 20736000.0 21888000.0 23040000.0 24192000.0 25344000.0 26496000.0 27648000.0 28800000.0 29952000.0 31104000.0 32256000.0 33408000.0 34560000.0
values: 1.577464 1.510306 1.316837 1.1807 1.190075 1.145544 1.064078 1.064469 0.974158 0.921795 0.890901 0.914648 0.898216 0.878675 0.904237 0.902044 0.93433 0.96251 0.970098 0.823904 0.768339 0.665832 0.679692 0.671774 0.624047 0.571106 0.545145 0.516253 0.508451 0.539035 0.535949
expl_p0: 0.921164 0.829527 0.664793 0.622342 0.702961 0.71639 0.660914 0.705418 0.623713 0.566122 0.551311 0.608016 0.615922 0.608862 0.658072 0.66679 0.721638 0.749309 0.76631 0.642913 0.586716 0.467027 0.491531 0.460638 0.410901 0.3745 0.37226 0.365442 0.367186 0.405844 0.384387
expl_p1: 0.6563 0.680778 0.652044 0.558358 0.487115 0.429154 0.403164 0.359051 0.350445 0.355673 0.33959 0.306632 0.282294 0.269813 0.246166 0.235254 0.212692 0.213202 0.203788 0.180991 0.181623 0.198806 0.188162 0.211136 0.213146 0.196606 0.172885 0.15081 0.141265 0.13319 0.151562
seconds: 208.8 198.0 189.1 193.5 185.4 173.2 185.7 192.6 182.8 185.3 227.3 192.4 189.3 201.2 193.9 189.7 198.2 200.3 204.5 242.4 212.9 217.9 227.3 215.5 210.7 197.8 208.2 210.4 190.8 195.8 196.3
seed: 150
steps: 0.0 1152000.0 2304000.0 3456000.0 4608000.0 5760000.0 6912000.0 8064000.0 9216000.0 10368000.0 11520000.0 12672000.0 13824000.0 14976000.0 16128000.0 17280000.0 18432000.0 19584000.0 20736000.0 21888000.0 23040000.0 24192000.0 25344000.0 26496000.0 27648000.0 28800000.0 29952000.0 31104000.0 32256000.0 33408000.0 34560000.0
values: 1.577464 1.543359 1.377302 1.102135 1.094926 1.102137 1.083591 0.975744 0.918501 0.957 0.918727 0.903932 0.928037 0.908839 0.887683 0.792207 0.743315 0.686743 0.692154 0.632125 0.612565 0.577305 0.583228 0.604632 0.56043 0.565724 0.522577 0.57961 0.553312 0.600815 0.6139
expl_p0: 0.921164 0.854127 0.708867 0.546282 0.620209 0.677596 0.682505 0.602021 0.564819 0.619235 0.618779 0.629874 0.668822 0.671081 0.686498 0.603661 0.556485 0.511493 0.521293 0.449748 0.448076 0.405028 0.424387 0.433708 0.415182 0.409325 0.354536 0.389352 0.373514 0.397181 0.433429
expl_p1: 0.6563 0.689232 0.668435 0.555853 0.474717 0.424541 0.401086 0.373722 0.353682 0.337765 0.299947 0.274059 0.259215 0.237758 0.201185 0.188545 0.18683 0.17525 0.170861 0.182376 0.164489 0.172276 0.15884 0.170923 0.145248 0.156398 0.168042 0.190259 0.179798 0.203633 0.180471
seconds: 213.2 196.5 206.0 208.8 206.1 201.4 187.1 193.6 210.3 195.4 226.9 213.6 207.4 209.3 211.9 208.6 206.9 204.8 216.1 194.4 205.3 187.9 188.0 203.6 197.0 199.0 210.3 203.8 205.2 201.3 187.3
seed: 160
steps: 0.0 1152000.0 2304000.0 3456000.0 4608000.0 5760000.0 6912000.0 8064000.0 9216000.0 10368000.0 11520000.0 12672000.0 13824000.0 14976000.0 16128000.0 17280000.0 18432000.0 19584000.0 20736000.0 21888000.0 23040000.0 24192000.0 25344000.0 26496000.0 27648000.0 28800000.0 29952000.0 31104000.0 32256000.0 33408000.0 34560000.0
values: 1.577464 1.494524 1.279454 1.110657 1.039882 0.999243 0.925184 1.011126 1.085187 1.01731 0.966249 0.919144 0.858957 0.840792 0.78298 0.735843 0.733251 0.704159 0.684009 0.712698 0.653549 0.742128 0.814013 0.729825 0.712522 0.656293 0.58787 0.524927 0.508729 0.493691 0.550144
expl_p0: 0.921164 0.786509 0.63385 0.547076 0.543144 0.551121 0.522471 0.635118 0.715306 0.658747 0.624751 0.618161 0.587377 0.576589 0.538029 0.509973 0.512293 0.48563 0.474138 0.512405 0.478592 0.577396 0.661153 0.591197 0.579817 0.515158 0.438177 0.367362 0.35764 0.348807 0.366751
expl_p1: 0.6563 0.708015 0.645604 0.563581 0.496738 0.448122 0.402714 0.376009 0.369881 0.358563 0.341498 0.300982 0.271579 0.264203 0.244951 0.225869 0.220958 0.218528 0.209871 0.200293 0.174957 0.164732 0.152859 0.138628 0.132705 0.141134 0.149693 0.157565 0.151089 0.144884 0.183393
seconds: 202.7 198.3 189.6 198.1 179.9 182.6 170.0 182.7 186.2 191.7 204.2 188.8 196.7 191.7 184.6 184.5 180.2 195.4 199.6 236.8 206.4 200.3 204.3 196.6 201.7 198.1 196.7 191.8 193.1 205.4 182.4
seed: 308
steps: 0.0 1152000.0 2304000.0 3456000.0 4608000.0 5760000.0 6912000.0 8064000.0 9216000.0 10368000.0 11520000.0 12672000.0 13824000.0 14976000.0 16128000.0 17280000.0 18432000.0 19584000.0 20736000.0 21888000.0 23040000.0 24192000.0 25344000.0 26496000.0 27648000.0 28800000.0 29952000.0 31104000.0 32256000.0 33408000.0 34560000.0
values: 1.577464 1.510579 1.405645 1.197509 1.034789 1.008082 0.937552 1.004011 1.010806 1.028045 0.862829 0.836242 0.820841 0.750843 0.743223 0.782269 0.797685 0.838003 0.740915 0.67274 0.677929 0.614792 0.576093 0.586833 0.544331 0.54105 0.530221 0.581323 0.633032 0.662371 0.609414
expl_p0: 0.921164 0.824756 0.756685 0.621479 0.521837 0.565146 0.536932 0.649635 0.66921 0.718687 0.588364 0.581384 0.590684 0.51149 0.508001 0.580583 0.598199 0.634965 0.543234 0.493627 0.504417 0.445273 0.424617 0.446521 0.390161 0.386709 0.380741 0.420636 0.425886 0.440319 0.391569
expl_p1: 0.6563 0.685823 0.64896 0.576029 0.512952 0.442936 0.40062 0.354375 0.341596 0.309358 0.274465 0.254858 0.230157 0.239353 0.235222 0.201686 0.199487 0.203038 0.197681 0.179113 0.173512 0.169519 0.151476 0.140312 0.15417 0.15434 0.14948 0.160686 0.207146 0.222052 0.217845
seconds: 233.6 201.2 199.9 204.0 207.2 192.8 183.7 191.6 195.5 184.9 218.1 229.3 192.5 195.8 200.6 229.9 203.5 203.2 209.1 198.6 194.2 199.7 198.6 208.4 189.0 207.5 205.9 208.1 203.0 179.7 185.7
seed: 513
steps: 0.0 1152000.0 2304000.0 3456000.0 4608000.0 5760000.0 6912000.0 8064000.0 9216000.0 10368000.0 11520000.0 12672000.0 13824000.0 14976000.0 16128000.0 17280000.0 18432000.0 19584000.0 20736000.0 21888000.0 23040000.0 24192000.0 25344000.0 26496000.0 27648000.0 28800000.0 29952000.0 31104000.0 32256000.0 33408000.0 34560000.0
values: 1.577464 1.504956 1.31946 1.239726 1.01714 1.059028 0.963877 0.999348 0.901377 0.890464 0.803579 0.889212 0.886489 0.78052 0.698718 0.721876 0.666749 0.692568 0.607961 0.625463 0.694477 0.646052 0.652062 0.688059 0.718759 0.63694 0.642538 0.657104 0.613877 0.536667 0.657884
expl_p0: 0.921164 0.811436 0.670958 0.651617 0.513481 0.615923 0.581053 0.634966 0.568546 0.586127 0.510806 0.629097 0.632473 0.556041 0.486394 0.53235 0.493464 0.525056 0.441816 0.433476 0.511595 0.472066 0.493922 0.534721 0.565189 0.467542 0.475432 0.49893 0.457462 0.37714 0.493946
expl_p1: 0.6563 0.69352 0.648502 0.588109 0.50366 0.443105 0.382823 0.364382 0.332831 0.304337 0.292774 0.260116 0.254016 0.224479 0.212324 0.189526 0.173285 0.167511 0.166144 0.191988 0.182882 0.173986 0.15814 0.153338 0.15357 0.169398 0.167105 0.158173 0.156415 0.159527 0.163938
seconds: 212.9 201.5 192.6 183.6 189.4 193.2 194.3 182.6 193.3 194.5 223.3 202.9 197.2 194.3 193.4 192.5 196.1 197.0 194.7 201.9 196.6 215.0 221.4 211.7 208.7 214.1 199.1 188.3 195.1 173.5 168.8
seed: 616
steps: 0.0 1152000.0 2304000.0 3456000.0 4608000.0 5760000.0 6912000.0 8064000.0 9216000.0 10368000.0 11520000.0 12672000.0 13824000.0 14976000.0 16128000.0 17280000.0 18432000.0 19584000.0 20736000.0 21888000.0 23040000.0 24192000.0 25344000.0 26496000.0 27648000.0 28800000.0 29952000.0 31104000.0 32256000.0 33408000.0 34560000.0
values: 1.577464 1.517025 1.346519 1.186556 1.056236 1.038285 0.980798 0.910655 0.929093 0.948347 0.903016 0.836706 0.84501 0.817426 0.806848 0.759269 0.749359 0.699325 0.738086 0.73699 0.713255 0.663312 0.611515 0.591506 0.582891 0.571377 0.558735 0.65661 0.63904 0.619749 0.546894
expl_p0: 0.921164 0.823293 0.686609 0.617426 0.567364 0.614023 0.592355 0.536228 0.583572 0.628223 0.603842 0.566912 0.578275 0.548402 0.553745 0.51907 0.515974 0.471699 0.521531 0.526812 0.500713 0.452877 0.422484 0.421837 0.431547 0.432509 0.416595 0.513488 0.483982 0.43964 0.391218
expl_p1: 0.6563 0.693732 0.65991 0.56913 0.488872 0.424262 0.388443 0.374427 0.345521 0.320124 0.299174 0.269794 0.266735 0.269024 0.253103 0.240199 0.233385 0.227625 0.216556 0.210179 0.212542 0.210435 0.189031 0.169668 0.151344 0.138868 0.14214 0.143122 0.155059 0.180109 0.155676
seconds: 204.0 205.7 195.5 194.9 188.4 202.6 193.5 179.4 183.4 185.9 220.8 196.6 188.7 197.1 192.2 199.5 193.8 195.9 200.0 199.5 194.2 201.3 192.4 194.7 207.7 222.1 192.3 199.1 198.5 185.3 205.6
seed: 999
steps: 0.0 1152000.0 2304000.0 3456000.0 4608000.0 5760000.0 6912000.0 8064000.0 9216000.0 10368000.0 11520000.0 12672000.0 13824000.0 14976000.0 16128000.0 17280000.0 18432000.0 19584000.0 20736000.0 21888000.0 23040000.0 24192000.0 25344000.0 26496000.0 27648000.0 28800000.0 29952000.0 31104000.0 32256000.0 33408000.0 34560000.0
values: 1.577464 1.518579 1.30874 1.173836 1.030438 0.996624 0.981629 0.967086 0.931962 0.822069 0.834113 0.844604 0.757557 0.697954 0.672946 0.681973 0.642542 0.660921 0.617781 0.607924 0.64666 0.612437 0.594138 0.589283 0.514892 0.601932 0.554081 0.618523 0.613682 0.721144 0.637874
expl_p0: 0.921164 0.807217 0.674058 0.659169 0.582177 0.601787 0.633665 0.624103 0.636746 0.542267 0.555262 0.570448 0.527579 0.482952 0.477425 0.483779 0.476641 0.499602 0.451593 0.453819 0.492174 0.485718 0.453622 0.4472 0.378879 0.42574 0.366883 0.43384 0.410427 0.486778 0.428626
expl_p1: 0.6563 0.711362 0.634682 0.514666 0.44826 0.394837 0.347965 0.342983 0.295216 0.279802 0.278852 0.274156 0.229978 0.215003 0.195521 0.198194 0.165901 0.161319 0.166188 0.154105 0.154486 0.126719 0.140516 0.142083 0.136013 0.176191 0.187199 0.184683 0.203255 0.234366 0.209248
seconds: 201.9 187.0 185.1 189.7 175.6 170.1 191.2 205.7 189.6 191.6 217.8 186.6 184.2 206.4 197.6 187.7 190.3 197.3 195.3 195.7 192.5 177.8 194.5 200.1 193.3 201.4 202.8 199.8 204.9 192.6 194.0
seed: 1000
steps: 0.0 1152000.0 2304000.0 3456000.0 4608000.0 5760000.0 6912000.0 8064000.0 9216000.0 10368000.0 11520000.0 12672000.0 13824000.0 14976000.0 16128000.0 17280000.0 18432000.0 19584000.0 20736000.0 21888000.0 23040000.0 24192000.0 25344000.0 26496000.0 27648000.0 28800000.0 29952000.0 31104000.0 32256000.0 33408000.0 34560000.0
values: 1.577464 1.51788 1.369396 1.214015 1.127469 1.197944 1.104252 1.038156 0.978731 0.939109 0.874034 0.94477 0.848903 0.921664 0.759269 0.806153 0.789772 0.800031 0.675109 0.753293 0.632638 0.64901 0.63976 0.581752 0.555198 0.547651 0.560352 0.561255 0.645271 0.568539 0.547312
expl_p0: 0.921164 0.830333 0.713649 0.650008 0.63234 0.778783 0.708746 0.651981 0.619431 0.579493 0.558037 0.616834 0.534559 0.626499 0.507241 0.567375 0.55874 0.596842 0.501675 0.586148 0.471946 0.479032 0.481803 0.410492 0.383116 0.385899 0.383063 0.376851 0.466531 0.398582 0.40394
expl_p1: 0.6563 0.687547 0.655746 0.564007 0.495128 0.419161 0.395506 0.386175 0.359299 0.359616 0.315998 0.327936 0.314343 0.295164 0.252028 0.238778 0.231032 0.203189 0.173434 0.167145 0.160693 0.169978 0.157957 0.17126 0.172082 0.161752 0.17729 0.184404 0.178739 0.169957 0.143372
seconds: 208.2 191.7 186.6 191.6 179.6 199.4 187.7 176.4 180.6 172.1 219.3 198.9 189.6 193.8 187.5 202.5 197.9 191.5 188.5 198.9 200.9 200.2 197.6 197.9 198.4 221.2 197.3 201.5 185.3 183.6 197.8
