algo_name: RNaD_250
game_name: leduc
game_str: leduc 
metric: nash_conv
smoothing_window: -1
wm_warmup_env_step: 144000.0
uniform_nash_conv: 0.36517097956190625
seed: 42
steps: 0.0 576000.0 1152000.0 1728000.0 2304000.0 2880000.0 3456000.0 4032000.0 4608000.0 5184000.0 5760000.0
values: 0.36517097956190625 0.2054313361277247 0.1417515416960439 0.10797761032624667 0.08642562419972519 0.06979386775023777 0.060890444985791145 0.058452610682163356 0.06048298222805591 0.06336121340024942 0.07596531739491967
seed: 99
steps: 0.0 576000.0 1152000.0 1728000.0 2304000.0 2880000.0 3456000.0 4032000.0 4608000.0 5184000.0 5760000.0
values: 0.36517097956190625 0.19787095452798242 0.1260370808721209 0.0941235977956252 0.07715098202276909 0.06676848804597965 0.05620791035984975 0.0548671664235672 0.06292403795559076 0.0895997521418988 0.12391535182222047
seed: 160
steps: 0.0 576000.0 1152000.0 1728000.0 2304000.0 2880000.0 3456000.0 4032000.0 4608000.0 5184000.0 5760000.0
values: 0.36517097956190625 0.19894981907634526 0.1442164920261874 0.10757939862335264 0.08377873412100637 0.06829812032250115 0.05926014985831925 0.06266270605428419 0.05482520582583176 0.08110538534775394 0.1109784413058792
seed: 308
steps: 0.0 576000.0 1152000.0 1728000.0 2304000.0 2880000.0 3456000.0 4032000.0 4608000.0 5184000.0 5760000.0
values: 0.36517097956190625 0.19041186100482277 0.13919860301872802 0.09515149147631624 0.0764311537290662 0.0625479451230907 0.05541924217488971 0.05380451613354932 0.06806869042635183 0.08599633145535307 0.1127549994052088
seed: 150
steps: 0.0 576000.0 1152000.0 1728000.0 2304000.0 2880000.0 3456000.0 4032000.0 4608000.0 5184000.0 5760000.0
values: 0.36517097956190625 0.20088818773083084 0.1398193571297773 0.10043968042394245 0.08521963581149479 0.08012991002417233 0.06924970554124057 0.06110490725117241 0.07513440147244849 0.08879439644778664 0.09536940184543065
seed: 999
steps: 0.0 576000.0 1152000.0 1728000.0 2304000.0 2880000.0 3456000.0 4032000.0 4608000.0 5184000.0 5760000.0
values: 0.36517097956190625 0.20398379379227988 0.13547002822546803 0.09497577046029296 0.07711278000204752 0.06454807214981521 0.05844621103452993 0.056485149690647767 0.0844432958024129 0.09171365226438304 0.07938104028985739
seed: 616
steps: 0.0 576000.0 1152000.0 1728000.0 2304000.0 2880000.0 3456000.0 4032000.0 4608000.0 5184000.0 5760000.0
values: 0.36517097956190625 0.19261758012326388 0.13639688024900376 0.09420961879569453 0.0805991830956338 0.06606163598434418 0.054393621211555096 0.053434831842779924 0.07738121575325509 0.10870624171088214 0.12177221355864558
seed: 19
steps: 0.0 576000.0 1152000.0 1728000.0 2304000.0 2880000.0 3456000.0 4032000.0 4608000.0 5184000.0 5760000.0
values: 0.36517097956190625 0.1856805526656714 0.11710645561064001 0.09360061909566901 0.07286627734849817 0.06356909219362422 0.06755262053955237 0.06453373079609176 0.07824735566206376 0.09185153446269806 0.10779858718222925
seed: 1000
steps: 0.0 576000.0 1152000.0 1728000.0 2304000.0 2880000.0 3456000.0 4032000.0 4608000.0 5184000.0 5760000.0
values: 0.36517097956190625 0.19755930994240095 0.14072646752681145 0.10625701627593329 0.0843129825869558 0.07578510328826996 0.0638061821056386 0.05722057164421891 0.0665690876341803 0.1006300776924118 0.10809846744800747
seed: 513
steps: 0.0 576000.0 1152000.0 1728000.0 2304000.0 2880000.0 3456000.0 4032000.0 4608000.0 5184000.0 5760000.0
values: 0.36517097956190625 0.20207497534641597 0.14007747229212786 0.09384876858292732 0.07752281213186718 0.06984020025976075 0.06525313612482139 0.07580442501196036 0.09761649688903844 0.11596766545267415 0.1421427408609719
