algo_name: NashDreamer
game_name: leduc
game_str: leduc 
metric: nash_conv
smoothing_window: -1
wm_warmup_env_step: 576000.0
uniform_nash_conv: 0.36517097956190625
seed: 42
steps: 0.0 576000.0 1152000.0 1728000.0 2304000.0 2880000.0 3456000.0 4032000.0 4608000.0 5184000.0 5760000.0 6336000.0 6912000.0 7488000.0 8064000.0 8640000.0 9216000.0 9792000.0 10368000.0 10944000.0 11520000.0 12096000.0 12672000.0 13248000.0 13824000.0 14400000.0 14976000.0 15552000.0 16128000.0 16704000.0 17280000.0
values: 0.36517097956190625 0.20256590642215472 0.13402808904839802 0.10049009824191674 0.07903268493833501 0.06934689150017814 0.060395686526125036 0.05908606444490383 0.059464408758816006 0.058802203296821454 0.07237066783200959 0.08326897181109394 0.11789701435135119 0.145260129293747 0.14250631127254124 0.11909703400074262 0.15054050113628908 0.1151540154349943 0.09320731415492123 0.07950334146159219 0.05937950572448476 0.05024661470614909 0.057614135227972776 0.06614749150496903 0.06142275334801557 0.058117394056109856 0.05206917328924944 0.05267874369371385 0.06875645893550536 0.07227984530947666 0.0696771734384558
seed: 99
steps: 0.0 576000.0 1152000.0 1728000.0 2304000.0 2880000.0 3456000.0 4032000.0 4608000.0 5184000.0 5760000.0 6336000.0 6912000.0 7488000.0 8064000.0 8640000.0 9216000.0 9792000.0 10368000.0 10944000.0 11520000.0 12096000.0 12672000.0 13248000.0 13824000.0 14400000.0 14976000.0 15552000.0 16128000.0 16704000.0 17280000.0
values: 0.36517097956190625 0.2045287482865675 0.13240236884231918 0.09441550204427994 0.07621916944078282 0.06453653564631098 0.062395514633235116 0.0629361173662584 0.08563929261897887 0.1032591665494717 0.12745794697739354 0.1310911563998266 0.10683971865152603 0.09305678323286043 0.10130170066290528 0.11885051749886678 0.13879243230307234 0.09970857419954257 0.11535233611978207 0.08832377452550283 0.07191711412654418 0.08208750071778205 0.09783493097035384 0.09292901138087206 0.10478277297810254 0.11132652276390523 0.12063524120119323 0.12084386928638806 0.09506943351659211 0.11983304427969305 0.0826965107635285
seed: 160
steps: 0.0 576000.0 1152000.0 1728000.0 2304000.0 2880000.0 3456000.0 4032000.0 4608000.0 5184000.0 5760000.0 6336000.0 6912000.0 7488000.0 8064000.0 8640000.0 9216000.0 9792000.0 10368000.0 10944000.0 11520000.0 12096000.0 12672000.0 13248000.0 13824000.0 14400000.0 14976000.0 15552000.0 16128000.0 16704000.0 17280000.0
values: 0.36517097956190625 0.20168516520222388 0.14015851316909717 0.10386768832212034 0.0820050314088411 0.06412106047072222 0.05685195590205214 0.06768819457565395 0.06818817306823353 0.08802763872018841 0.10114443552804142 0.11199370886628532 0.10895932419133313 0.10806645412667604 0.11318947164055385 0.1091342938532297 0.11121407931989308 0.10375968577449438 0.10672059186563608 0.1083782503767621 0.1254810375784916 0.12991814227633575 0.15840240660051585 0.1706688544311669 0.15131950676570982 0.10995604942968393 0.05616387199412866 0.0444923079241589 0.046289524770834124 0.07606161320148208 0.09023405045983612
seed: 308
steps: 0.0 576000.0 1152000.0 1728000.0 2304000.0 2880000.0 3456000.0 4032000.0 4608000.0 5184000.0 5760000.0 6336000.0 6912000.0 7488000.0 8064000.0 8640000.0 9216000.0 9792000.0 10368000.0 10944000.0 11520000.0 12096000.0 12672000.0 13248000.0 13824000.0 14400000.0 14976000.0 15552000.0 16128000.0 16704000.0 17280000.0
values: 0.36517097956190625 0.19416579596481015 0.1332165766420767 0.09580231028943902 0.0780970798982317 0.06678886968502178 0.06150436853296794 0.06243368194338987 0.06704914346716247 0.07208457230463308 0.10310909868261867 0.11005503360460146 0.11349381184310858 0.1341950122126585 0.14274972403118746 0.11620809404245107 0.09093588823372845 0.09262037198637282 0.07316898031719812 0.058222632635550414 0.06623542403572517 0.07542644580830687 0.08324688528173096 0.08344604051202001 0.08963260616176248 0.0876585223055554 0.08959022260166305 0.0737977230420789 0.08303865641705989 0.09277916172117462 0.11756954515107901
seed: 150
steps: 0.0 576000.0 1152000.0 1728000.0 2304000.0 2880000.0 3456000.0 4032000.0 4608000.0 5184000.0 5760000.0 6336000.0 6912000.0 7488000.0 8064000.0 8640000.0 9216000.0 9792000.0 10368000.0 10944000.0 11520000.0 12096000.0 12672000.0 13248000.0 13824000.0 14400000.0 14976000.0 15552000.0 16128000.0 16704000.0 17280000.0
values: 0.36517097956190625 0.1863188414391734 0.11189204791514905 0.07970076189530773 0.06859970481450887 0.06199361317389307 0.05494519216012998 0.061299800925816786 0.07083567666242141 0.07962096010035533 0.09196819447010823 0.10852248141186455 0.13193206449896464 0.1495215238929791 0.14981675177301695 0.14115436037355167 0.11255004982755495 0.0999503148635929 0.09550000404361916 0.09701862905086747 0.11972940186741496 0.13407467661113995 0.15311447662807823 0.14917339487765532 0.11672523265654612 0.09853791516744376 0.06505095101287878 0.07662173712564763 0.06564925656772112 0.06290225938458616 0.07890512631331398
seed: 999
steps: 0.0 576000.0 1152000.0 1728000.0 2304000.0 2880000.0 3456000.0 4032000.0 4608000.0 5184000.0 5760000.0 6336000.0 6912000.0 7488000.0 8064000.0 8640000.0 9216000.0 9792000.0 10368000.0 10944000.0 11520000.0 12096000.0 12672000.0 13248000.0 13824000.0 14400000.0 14976000.0 15552000.0 16128000.0 16704000.0 17280000.0
values: 0.36517097956190625 0.202323306829341 0.1337505270883715 0.0988284508619256 0.08319271852865663 0.0737757234410939 0.06415948886732425 0.05896942613581937 0.05193768801073643 0.06741197842371904 0.0724318421830403 0.09817877826380504 0.12181766331932015 0.13545742833289415 0.1377616763747178 0.13200788336105543 0.11238094634055959 0.09864414662938518 0.09887781915799668 0.10708272383084133 0.11340643217749788 0.11846462542243763 0.10102011557868214 0.0989275927794434 0.10908310878316235 0.14478011795184376 0.13065164151538344 0.13488093303105372 0.11951642970359448 0.12796087290151112 0.16188834154428067
seed: 616
steps: 0.0 576000.0 1152000.0 1728000.0 2304000.0 2880000.0 3456000.0 4032000.0 4608000.0 5184000.0 5760000.0 6336000.0 6912000.0 7488000.0 8064000.0 8640000.0 9216000.0 9792000.0 10368000.0 10944000.0 11520000.0 12096000.0 12672000.0 13248000.0 13824000.0 14400000.0 14976000.0 15552000.0 16128000.0 16704000.0 17280000.0
values: 0.36517097956190625 0.21360487092984715 0.1442628595746505 0.09440580947996781 0.08292012448069914 0.07020140647969786 0.05902854261891277 0.05410300215254117 0.0828451790205821 0.10365860049949263 0.11340568488527966 0.1070204526126007 0.11346427038642101 0.11708804062276722 0.10255851575895919 0.11410067896638255 0.10268293692557232 0.07667426915585265 0.048890702137190975 0.05037402838992194 0.06607542493499008 0.06102951842490274 0.10574369449948204 0.11443017241037291 0.11712247521346189 0.15129066307571604 0.1720333484851574 0.13657473439342674 0.15080544681685898 0.11392940642192337 0.08631923986445247
seed: 19
steps: 0.0 576000.0 1152000.0 1728000.0 2304000.0 2880000.0 3456000.0 4032000.0 4608000.0 5184000.0 5760000.0 6336000.0 6912000.0 7488000.0 8064000.0 8640000.0 9216000.0 9792000.0 10368000.0 10944000.0 11520000.0 12096000.0 12672000.0 13248000.0 13824000.0 14400000.0 14976000.0 15552000.0 16128000.0 16704000.0 17280000.0
values: 0.36517097956190625 0.17452900567607108 0.10805051626050552 0.08293374758436892 0.0688896595749558 0.061190759779043 0.06514982193232347 0.06572295883659629 0.07902072011296965 0.06474666845165705 0.07581778511970394 0.10399746127577963 0.13182488885267396 0.13039873564624374 0.13634846534462491 0.13112001828312111 0.10821147342160063 0.10100923991196459 0.07430216412351956 0.0697369936674698 0.07330198461317643 0.07500544839134328 0.09689563194734266 0.11608731094442404 0.12096784931279753 0.11500934630832448 0.11270194303993761 0.09915051487335426 0.07004634283145797 0.0465947460290512 0.05929548765636203
seed: 1000
steps: 0.0 576000.0 1152000.0 1728000.0 2304000.0 2880000.0 3456000.0 4032000.0 4608000.0 5184000.0 5760000.0 6336000.0 6912000.0 7488000.0 8064000.0 8640000.0 9216000.0 9792000.0 10368000.0 10944000.0 11520000.0 12096000.0 12672000.0 13248000.0 13824000.0 14400000.0 14976000.0 15552000.0 16128000.0 16704000.0 17280000.0
values: 0.36517097956190625 0.20262278372746934 0.1434102815095189 0.10707048026718367 0.09075083096742848 0.07864954372691675 0.06883491489477842 0.06493688668191214 0.07071563398781004 0.0941926186161711 0.09373427548809349 0.09813212934349916 0.09238492428841713 0.08838450201701652 0.10471261933403955 0.09613221082093548 0.06891775352130118 0.07787368194080276 0.07279395779906905 0.07544837256412923 0.0764558878659369 0.07240839034287327 0.08235675434657815 0.11250182429060443 0.1170894551094244 0.08369020463566826 0.05886014313995596 0.06614292320391642 0.056348257018225885 0.05257914011684304 0.08085877257227278
seed: 513
steps: 0.0 576000.0 1152000.0 1728000.0 2304000.0 2880000.0 3456000.0 4032000.0 4608000.0 5184000.0 5760000.0 6336000.0 6912000.0 7488000.0 8064000.0 8640000.0 9216000.0 9792000.0 10368000.0 10944000.0 11520000.0 12096000.0 12672000.0 13248000.0 13824000.0 14400000.0 14976000.0 15552000.0 16128000.0 16704000.0 17280000.0
values: 0.36517097956190625 0.1979264684241317 0.12503946235442454 0.09220167634730267 0.07946872997367296 0.06792110716896543 0.0626951729878167 0.070921862857053 0.08139499966318257 0.0725824400203366 0.09132270717952976 0.10055474012294327 0.12558988615462705 0.11041568192669385 0.10513686052093542 0.10561274544070151 0.09967787567579567 0.12041339119306713 0.1179181305548857 0.10615589823121897 0.10447706369903903 0.14277776750549337 0.14517781385326478 0.11629669594957517 0.11015114424678141 0.06696512569460919 0.053186457386108846 0.05986089303177148 0.08302328117835474 0.10495631023691102 0.11907990532959181
