algo_name: MMD_2000
game_name: leduc
game_str: leduc 
metric: nash_conv
smoothing_window: -1
wm_warmup_env_step: 1152000.0
uniform_nash_conv: 0.36517097956190625
seed: 42
steps: 0.0 576000.0 1152000.0 1728000.0 2304000.0 2880000.0 3456000.0 4032000.0 4608000.0 5184000.0 5760000.0
values: 0.36517097956190625 0.13958268740148902 0.08752074860643634 0.1043894683757349 0.077952075790479 0.08346887033724942 0.07744967840915488 0.10443624720214786 0.0692268407515258 0.08033242454344494 0.07120644033969224
seed: 99
steps: 0.0 576000.0 1152000.0 1728000.0 2304000.0 2880000.0 3456000.0 4032000.0 4608000.0 5184000.0 5760000.0
values: 0.36517097956190625 0.14578183409291623 0.10519360961403817 0.09054661734861716 0.07693842890241799 0.06602239781473401 0.0883850432361041 0.07999328600743749 0.08233910333979308 0.10213915690133937 0.07310635675182006
seed: 160
steps: 0.0 576000.0 1152000.0 1728000.0 2304000.0 2880000.0 3456000.0 4032000.0 4608000.0 5184000.0 5760000.0
values: 0.36517097956190625 0.1615776562807077 0.08749407544259927 0.09936036930436203 0.08472322196772437 0.07373616438231294 0.08266839792052649 0.09229543961987058 0.07637837795252797 0.07158372789481052 0.07422443825108674
seed: 308
steps: 0.0 576000.0 1152000.0 1728000.0 2304000.0 2880000.0 3456000.0 4032000.0 4608000.0 5184000.0 5760000.0
values: 0.36517097956190625 0.13042243129683834 0.08598722039083667 0.06874722711574241 0.09542066703290852 0.10596958778877189 0.08282977744627483 0.07813275118890409 0.07478348745525905 0.08250151511731883 0.08634886538123077
seed: 150
steps: 0.0 576000.0 1152000.0 1728000.0 2304000.0 2880000.0 3456000.0 4032000.0 4608000.0 5184000.0 5760000.0
values: 0.36517097956190625 0.15228136669000494 0.07658613820438621 0.08119167678890672 0.09329988499641376 0.10189009053764798 0.06625162600612422 0.08071488051391094 0.07604413511371269 0.08135882916288309 0.06683031821916854
seed: 999
steps: 0.0 576000.0 1152000.0 1728000.0 2304000.0 2880000.0 3456000.0 4032000.0 4608000.0 5184000.0 5760000.0
values: 0.36517097956190625 0.13385029072208562 0.08646169696568605 0.09204426658132125 0.0946684011018559 0.07551625228519736 0.08652190607613858 0.09900708635691333 0.06269161340232215 0.09099842284594645 0.10441213966545092
seed: 616
steps: 0.0 576000.0 1152000.0 1728000.0 2304000.0 2880000.0 3456000.0 4032000.0 4608000.0 5184000.0 5760000.0
values: 0.36517097956190625 0.12821766260687578 0.07542842945331327 0.08430063845887067 0.09275500758618191 0.08442056039859988 0.07853831231831007 0.09126230725389453 0.08328474475566876 0.0758564173652537 0.09566634726738901
seed: 19
steps: 0.0 576000.0 1152000.0 1728000.0 2304000.0 2880000.0 3456000.0 4032000.0 4608000.0 5184000.0 5760000.0
values: 0.36517097956190625 0.16812119110520765 0.08074407068480022 0.10215674450202118 0.08119047921237751 0.08193289565948379 0.08419323936667998 0.08010866263937469 0.09024897462814635 0.06852009015584919 0.07588014835213984
seed: 1000
steps: 0.0 576000.0 1152000.0 1728000.0 2304000.0 2880000.0 3456000.0 4032000.0 4608000.0 5184000.0 5760000.0
values: 0.36517097956190625 0.16760315162949332 0.0978434194185347 0.10952289014840799 0.08275706894237024 0.08347480424818528 0.07542501317970111 0.07425176703510174 0.07712833144878592 0.08226802480504038 0.06299214636834702
seed: 513
steps: 0.0 576000.0 1152000.0 1728000.0 2304000.0 2880000.0 3456000.0 4032000.0 4608000.0 5184000.0 5760000.0
values: 0.36517097956190625 0.15039325662696174 0.10223612164203161 0.08320966381566379 0.07398321285528639 0.08306473699027014 0.06509400547045488 0.08593551245427974 0.07329375261295279 0.07811148484411722 0.06841781220791775
