algo_name: NashDreamerMMD
game_name: goofspiel_5
game_str: goofspiel Param: num_cards value: 5
metric: nash_conv
smoothing_window: -1
wm_warmup_env_step: 320000.0
uniform_nash_conv: 1.5500000692904004
seed: 42
steps: 0.0 320000.0 640000.0 960000.0 1280000.0 1600000.0 1920000.0 2240000.0 2560000.0 2880000.0 3200000.0 3520000.0 3840000.0 4160000.0 4480000.0 4800000.0 5120000.0 5440000.0 5760000.0 6080000.0 6400000.0 6720000.0 7040000.0 7360000.0 7680000.0 8000000.0 8320000.0 8640000.0 8960000.0 9280000.0 9600000.0
values: 1.5500000692904004 0.8238980948546016 0.49715424094944116 0.5332510230583825 0.6574175255117407 0.5887338002470546 0.548873192517811 0.5391955157828656 0.5226951292590125 0.5680802244227645 0.4760663155466063 0.5204377493496162 0.5355054295571573 0.5331352803603173 0.5145900021473139 0.5030023943361341 0.46381873461545264 0.4672294866777674 0.4976790919987228 0.5244986239942891 0.4502558057535439 0.483650279874546 0.4381677279066897 0.5697390243711398 0.5586165616137757 0.5162803842518879 0.48789980833353197 0.46846524883280627 0.49052158751503194 0.4897254346168672 0.5323104815951039
seed: 99
steps: 0.0 320000.0 640000.0 960000.0 1280000.0 1600000.0 1920000.0 2240000.0 2560000.0 2880000.0 3200000.0 3520000.0 3840000.0 4160000.0 4480000.0 4800000.0 5120000.0 5440000.0 5760000.0 6080000.0 6400000.0 6720000.0 7040000.0 7360000.0 7680000.0 8000000.0 8320000.0 8640000.0 8960000.0 9280000.0 9600000.0
values: 1.5500000692904004 0.802349182820207 0.5335737273822039 0.5686844733530176 0.532826079907402 0.5593141753832431 0.5386350536558026 0.4625550849728167 0.486634714208087 0.5534257395000493 0.48579377148122715 0.5657856408229105 0.46533840739472926 0.4589652981483764 0.4754128951097092 0.5319218041405016 0.5674275949815356 0.663886636973241 0.5919722163301009 0.48550537174968744 0.4926092312638733 0.4979440629626625 0.5004193716543479 0.5371269738829871 0.44679601651708156 0.45818691008299517 0.43354683598208976 0.5202807344026539 0.49023534804592145 0.5577648755273208 0.44678467515657133
seed: 150
steps: 0.0 320000.0 640000.0 960000.0 1280000.0 1600000.0 1920000.0 2240000.0 2560000.0 2880000.0 3200000.0 3520000.0 3840000.0 4160000.0 4480000.0 4800000.0 5120000.0 5440000.0 5760000.0 6080000.0 6400000.0 6720000.0 7040000.0 7360000.0 7680000.0 8000000.0 8320000.0 8640000.0 8960000.0 9280000.0 9600000.0
values: 1.5500000692904004 0.5937924131026449 0.6347177149942208 0.5699965740543422 0.5641619658243591 0.5293941553138021 0.5194676325668475 0.6214235043497596 0.5738345225752909 0.5214552657485096 0.47351609256646954 0.5307917768647086 0.6632349286781297 0.46404472193515856 0.5032287229355732 0.469862844898235 0.5003973696690391 0.487819482370751 0.4256451118062022 0.5285517856367434 0.4970260033925358 0.4436283677868228 0.4924222866156802 0.5321193439743386 0.45639821909840916 0.5161674603262477 0.4734707043229777 0.4880339317119444 0.4676344139103332 0.49873991932923006 0.4704647182173451
seed: 160
steps: 0.0 320000.0 640000.0 960000.0 1280000.0 1600000.0 1920000.0 2240000.0 2560000.0 2880000.0 3200000.0 3520000.0 3840000.0 4160000.0 4480000.0 4800000.0 5120000.0 5440000.0 5760000.0 6080000.0 6400000.0 6720000.0 7040000.0 7360000.0 7680000.0 8000000.0 8320000.0 8640000.0 8960000.0 9280000.0 9600000.0
values: 1.5500000692904004 0.8001902921021355 0.6657195533379145 0.47452618603146524 0.5878784503482939 0.46794016341930034 0.5520681077433925 0.49717815773988133 0.5501272594807632 0.5358597195839694 0.4676329554810096 0.541576927263917 0.43907800334027797 0.46583392392990886 0.6307819388023999 0.5455194617095334 0.47655274069583153 0.4401429548936181 0.5919464273375643 0.5264102779931393 0.47104378961757626 0.594417594213211 0.4751120493329494 0.49461600178939996 0.4853391355683621 0.4850614858519681 0.47173948892456713 0.46573559321850366 0.4494744491174608 0.49235706861172834 0.4926926628463183
seed: 308
steps: 0.0 320000.0 640000.0 960000.0 1280000.0 1600000.0 1920000.0 2240000.0 2560000.0 2880000.0 3200000.0 3520000.0 3840000.0 4160000.0 4480000.0 4800000.0 5120000.0 5440000.0 5760000.0 6080000.0 6400000.0 6720000.0 7040000.0 7360000.0 7680000.0 8000000.0 8320000.0 8640000.0 8960000.0 9280000.0 9600000.0
values: 1.5500000692904004 0.7067933548901482 0.5560264520718701 0.6471108122078748 0.6222927731365637 0.508651220671297 0.47411124824058404 0.6412650230349661 0.5818160953004777 0.4904670851984131 0.6050550558262587 0.5644730236317785 0.47182175401979737 0.49084841713457394 0.5641397029792478 0.5253372884851664 0.5149417176157189 0.4863256039323969 0.4761909086460735 0.4835544905966856 0.48984209867548406 0.5440961910452665 0.4800207066055794 0.527973915076835 0.49096335348328135 0.49718702092007955 0.42251504430464737 0.4735084462128987 0.4929128238657647 0.4563149736959801 0.42882526912043867
seed: 616
steps: 0.0 320000.0 640000.0 960000.0 1280000.0 1600000.0 1920000.0 2240000.0 2560000.0 2880000.0 3200000.0 3520000.0 3840000.0 4160000.0 4480000.0 4800000.0 5120000.0 5440000.0 5760000.0 6080000.0 6400000.0 6720000.0 7040000.0 7360000.0 7680000.0 8000000.0 8320000.0 8640000.0 8960000.0 9280000.0 9600000.0
values: 1.5500000692904004 0.49328328390997217 0.5516073498298442 0.6992875406383678 0.6770984472134641 0.512849002299089 0.45830011448805263 0.4812529121159922 0.500660737799421 0.49984262430953097 0.5160970099144142 0.6139497129362201 0.6066190294116551 0.5071359740378879 0.4436943902660384 0.4241701219376023 0.5049418805176253 0.4716764332407658 0.5433954405580623 0.48016397354510754 0.5339989267535434 0.4604407542612987 0.47010039601569487 0.5124589669885209 0.4496617512429263 0.4954175928359976 0.4022018641511762 0.4579582353936912 0.43828374474073334 0.49085862275365955 0.5168804311185415
seed: 999
steps: 0.0 320000.0 640000.0 960000.0 1280000.0 1600000.0 1920000.0 2240000.0 2560000.0 2880000.0 3200000.0 3520000.0 3840000.0 4160000.0 4480000.0 4800000.0 5120000.0 5440000.0 5760000.0 6080000.0 6400000.0 6720000.0 7040000.0 7360000.0 7680000.0 8000000.0 8320000.0 8640000.0 8960000.0 9280000.0 9600000.0
values: 1.5500000692904004 0.763455319837518 0.6313833792158218 0.5638985682672212 0.5316041391094612 0.5346803290315685 0.43918889567281805 0.524601280018966 0.5551493646374375 0.5269497936805678 0.5225093531093896 0.570213196720507 0.5526709657598698 0.5130321889556766 0.5305816316791986 0.45145329309110216 0.5124187644414984 0.5276633933438684 0.4745814781228296 0.5537792545475443 0.4554872732412516 0.48567221946071226 0.5518789148298071 0.5403025652220874 0.5589427754993869 0.49345000070802325 0.509547726014665 0.49776636927894036 0.4626558314245338 0.4659270361363702 0.520488058979803
seed: 19
steps: 0.0 320000.0 640000.0 960000.0 1280000.0 1600000.0 1920000.0 2240000.0 2560000.0 2880000.0 3200000.0 3520000.0 3840000.0 4160000.0 4480000.0 4800000.0 5120000.0 5440000.0 5760000.0 6080000.0 6400000.0 6720000.0 7040000.0 7360000.0 7680000.0 8000000.0 8320000.0 8640000.0 8960000.0 9280000.0 9600000.0
values: 1.5500000692904004 0.5073697913943381 0.5169854399188898 0.5465766754340009 0.5303712537461407 0.6926829648463773 0.5594564811731657 0.4838889585136922 0.5399681695174875 0.4989384464876736 0.5687730464758032 0.48465123810257393 0.5101726918285405 0.620723350660666 0.4617951338026224 0.5022768610615675 0.4889519197093034 0.47478037008999363 0.47590119067661757 0.5061741732671998 0.5429798736145294 0.46445515659020675 0.5118612000882948 0.5630109696338202 0.4353369962713291 0.4643658962392129 0.5006569005396369 0.5150514533454633 0.4587387952986239 0.4870220674018222 0.5668283274863946
seed: 1000
steps: 0.0 320000.0 640000.0 960000.0 1280000.0 1600000.0 1920000.0 2240000.0 2560000.0 2880000.0 3200000.0 3520000.0 3840000.0 4160000.0 4480000.0 4800000.0 5120000.0 5440000.0 5760000.0 6080000.0 6400000.0 6720000.0 7040000.0 7360000.0 7680000.0 8000000.0 8320000.0 8640000.0 8960000.0 9280000.0 9600000.0
values: 1.5500000692904004 0.596310065178677 0.5203381322664666 0.5679051939810815 0.54922624956056 0.7083543725281439 0.625052706028816 0.6539905373518393 0.5646531850031352 0.5156673652811177 0.5463568645570798 0.5557247087228804 0.4353722123401942 0.5392578399666281 0.6215561616188054 0.535596464608546 0.6178240126210373 0.5240473256336466 0.5070531178573596 0.48532440780200137 0.43454404177333517 0.4317452163173174 0.44712458261551746 0.4647666267814836 0.5239675916064112 0.5206454753756968 0.5270660284089692 0.5054062300658514 0.5658954624492765 0.4760227573994108 0.49039367685427326
seed: 513
steps: 0.0 320000.0 640000.0 960000.0 1280000.0 1600000.0 1920000.0 2240000.0 2560000.0 2880000.0 3200000.0 3520000.0 3840000.0 4160000.0 4480000.0 4800000.0 5120000.0 5440000.0 5760000.0 6080000.0 6400000.0 6720000.0 7040000.0 7360000.0 7680000.0 8000000.0 8320000.0 8640000.0 8960000.0 9280000.0 9600000.0
values: 1.5500000692904004 0.663469642514711 0.6122007140084281 0.5830124834699074 0.6902891533129737 0.6321718034976129 0.6129284362485385 0.6153636286180546 0.5033467078852829 0.4407282910696039 0.5117604587955643 0.5421409433754233 0.5329433010011115 0.5440667311884473 0.5178207212058753 0.5188031119093425 0.4980034388984114 0.5709542830892025 0.44072039649961847 0.44431422592316877 0.5438765360771662 0.5079669249634425 0.5542584310298525 0.46466035647475956 0.5263815881021017 0.4695763800667838 0.5114279293157201 0.4993853173795437 0.46582683635569316 0.46976620983570133 0.4060123916869963
