algo_name: RNaD
game_name: goofspiel_5
game_str: goofspiel Param: num_cards value: 5
metric: nash_conv
smoothing_window: -1
uniform_nash_conv: 1.5500000692904004
seed: 42
steps: 0.0 320000.0 640000.0 960000.0 1280000.0 1600000.0 1920000.0 2240000.0 2560000.0 2880000.0 3200000.0 3520000.0 3840000.0 4160000.0 4480000.0 4800000.0 5120000.0 5440000.0 5760000.0 6080000.0 6400000.0 6720000.0 7040000.0 7360000.0 7680000.0 8000000.0 8320000.0 8640000.0 8960000.0 9280000.0 9600000.0
values: 1.5500000692904004 1.0546891957546458 0.709721461794032 0.615482078148414 0.6733679946974309 0.4767774725391531 0.5773762868359805 0.4912751818065544 0.3826728225647147 0.425713136560644 0.5103698511602354 0.4448346840370436 0.5774753054181347 0.4070706958733935 0.5171994309003058 0.32515481137744706 0.4171807484513668 0.3381992408582719 0.3608828318487508 0.44268259430817425 0.49608370627209747 0.3898630692623538 0.43362825037366803 0.48313630725681794 0.4127976689680882 0.39603206018808157 0.44485681481574346 0.44450288603216614 0.3973984692698472 0.34923630539304035 0.35222886045768664
seed: 99
steps: 0.0 320000.0 640000.0 960000.0 1280000.0 1600000.0 1920000.0 2240000.0 2560000.0 2880000.0 3200000.0 3520000.0 3840000.0 4160000.0 4480000.0 4800000.0 5120000.0 5440000.0 5760000.0 6080000.0 6400000.0 6720000.0 7040000.0 7360000.0 7680000.0 8000000.0 8320000.0 8640000.0 8960000.0 9280000.0 9600000.0
values: 1.5500000692904004 1.0591928601763079 0.683837183204029 0.5696588051075098 0.6049804021205566 0.5905605881226945 0.4969172408612871 0.3964246655868985 0.6034382571681054 0.5747145465015946 0.30187431782473423 0.4746472662186444 0.43110338013951494 0.41175988430166055 0.29696903977120614 0.43240975136703663 0.41340367884887785 0.37175651913577756 0.4763596159833912 0.42556366572091076 0.4927004050276454 0.533508544563325 0.5850726724684607 0.4880457179906863 0.39852370870549547 0.38253625239067857 0.3579640946575276 0.41694081780465736 0.5455258818853557 0.3609539699989173 0.4032237831387007
seed: 160
steps: 0.0 320000.0 640000.0 960000.0 1280000.0 1600000.0 1920000.0 2240000.0 2560000.0 2880000.0 3200000.0 3520000.0 3840000.0 4160000.0 4480000.0 4800000.0 5120000.0 5440000.0 5760000.0 6080000.0 6400000.0 6720000.0 7040000.0 7360000.0 7680000.0 8000000.0 8320000.0 8640000.0 8960000.0 9280000.0 9600000.0
values: 1.5500000692904004 1.19178209347254 0.8157729263800548 0.6001340998047016 0.692040614516597 0.492624613932801 0.45989904294274336 0.4458052031480956 0.5353093219853831 0.586847765026032 0.519779555560337 0.3599113508082239 0.47575327692654557 0.43724570846693334 0.3838203506106508 0.5568735098787969 0.4836949696949754 0.5629510395725531 0.5379611408482683 0.28412048031169007 0.3575152775856102 0.4847158324216914 0.688396241513434 0.4497088440947221 0.4585682734583344 0.5963186605482463 0.3926642871561359 0.6916121815745602 0.36375005120323695 0.39196411683777943 0.38414885990482084
seed: 308
steps: 0.0 320000.0 640000.0 960000.0 1280000.0 1600000.0 1920000.0 2240000.0 2560000.0 2880000.0 3200000.0 3520000.0 3840000.0 4160000.0 4480000.0 4800000.0 5120000.0 5440000.0 5760000.0 6080000.0 6400000.0 6720000.0 7040000.0 7360000.0 7680000.0 8000000.0 8320000.0 8640000.0 8960000.0 9280000.0 9600000.0
values: 1.5500000692904004 1.1009462887397965 0.779151106460931 0.5002267849225828 0.4501377390770164 0.4690044815198273 0.45557586600566397 0.5104443552624609 0.5065139457225972 0.5838468663526274 0.5313191443701941 0.4656318980203277 0.4451405004190214 0.636663789104458 0.4939686247066446 0.4390801075035611 0.418673670026504 0.5075100413944802 0.4773483853870526 0.35457967769543863 0.3368481757071443 0.3603105117745757 0.39778310112506965 0.334180077755023 0.479134875723895 0.510091509865054 0.3716276448731277 0.4709497895433491 0.3299280997080547 0.34511423807661556 0.30720351470275603
seed: 150
steps: 0.0 320000.0 640000.0 960000.0 1280000.0 1600000.0 1920000.0 2240000.0 2560000.0 2880000.0 3200000.0 3520000.0 3840000.0 4160000.0 4480000.0 4800000.0 5120000.0 5440000.0 5760000.0 6080000.0 6400000.0 6720000.0 7040000.0 7360000.0 7680000.0 8000000.0 8320000.0 8640000.0 8960000.0 9280000.0 9600000.0
values: 1.5500000692904004 1.1587732828284836 0.7015710982596479 0.5568707581682666 0.7491864592686618 0.8459425487751342 0.4767572100895016 0.3756697069111369 0.3046965027621257 0.4851338884152037 0.6082891439948503 0.5422085376943689 0.35850464307475405 0.3721298022884293 0.4276438235440875 0.348395646191454 0.4392937997206374 0.4659708011471638 0.4342409604629303 0.35565712904171054 0.45164785779643 0.5037752301939671 0.39482209415650793 0.4231051025563286 0.4997966704071575 0.5533821253845115 0.3975888513952288 0.4019284513500845 0.27552948687593265 0.3832036545195175 0.4717950860210821
seed: 999
steps: 0.0 320000.0 640000.0 960000.0 1280000.0 1600000.0 1920000.0 2240000.0 2560000.0 2880000.0 3200000.0 3520000.0 3840000.0 4160000.0 4480000.0 4800000.0 5120000.0 5440000.0 5760000.0 6080000.0 6400000.0 6720000.0 7040000.0 7360000.0 7680000.0 8000000.0 8320000.0 8640000.0 8960000.0 9280000.0 9600000.0
values: 1.5500000692904004 1.0041781482552967 0.9011834044925002 0.7802624505126854 0.844024799207246 0.7185441527174152 0.619462075188606 0.5427721433529118 0.42053581456357025 0.4799687552035993 0.4822204622324956 0.5600219477492987 0.5810945705487134 0.48110239724820286 0.5638266749621065 0.47091468189265157 0.5297622774749551 0.3685745053483617 0.4914001186307487 0.49742720505821364 0.46417332031283454 0.42087366836833423 0.39160070666734403 0.5148653134019542 0.39420150892417544 0.6453029768107988 0.4377158105297625 0.43324233324095557 0.5741069806044901 0.2963737085031668 0.4593841662950282
seed: 616
steps: 0.0 320000.0 640000.0 960000.0 1280000.0 1600000.0 1920000.0 2240000.0 2560000.0 2880000.0 3200000.0 3520000.0 3840000.0 4160000.0 4480000.0 4800000.0 5120000.0 5440000.0 5760000.0 6080000.0 6400000.0 6720000.0 7040000.0 7360000.0 7680000.0 8000000.0 8320000.0 8640000.0 8960000.0 9280000.0 9600000.0
values: 1.5500000692904004 1.2882655170225483 0.8000447434617302 0.7182691991594831 0.5753228255103142 0.5650471243822603 0.49569169998047236 0.40547948423676305 0.3993911560505242 0.3766031990922789 0.3944171137566976 0.3536905658557016 0.4174020717360074 0.505064671415161 0.4342964806783565 0.37335633411061975 0.3150753254478468 0.3849893805441621 0.334910859901292 0.3060418231201894 0.37387913130827743 0.323826972052501 0.4112778482387527 0.367197717917985 0.38577308630558893 0.5349747031118252 0.31073797297820716 0.4353156909158249 0.3118244632620461 0.4670135631425818 0.32465136049555277
seed: 19
steps: 0.0 320000.0 640000.0 960000.0 1280000.0 1600000.0 1920000.0 2240000.0 2560000.0 2880000.0 3200000.0 3520000.0 3840000.0 4160000.0 4480000.0 4800000.0 5120000.0 5440000.0 5760000.0 6080000.0 6400000.0 6720000.0 7040000.0 7360000.0 7680000.0 8000000.0 8320000.0 8640000.0 8960000.0 9280000.0 9600000.0
values: 1.5500000692904004 1.0899294386328022 0.6803931643994244 0.6156508961009917 0.5362589299567875 0.4436640877226795 0.39029938033995926 0.38322914494307836 0.40642960216226975 0.45333633956668484 0.504387982332956 0.5581771472632242 0.45591057643012417 0.6349311187763536 0.6949540019204306 0.5930054849976822 0.5333533120795162 0.4993080247711448 0.6140621324952992 0.4017295350647808 0.3960158688503155 0.4166762232353921 0.4568873720243979 0.48284387952264723 0.6109448835731464 0.5180536564183091 0.3705043372561876 0.3245789249818434 0.4763932873337533 0.4226146765769292 0.4148454584349186
seed: 1000
steps: 0.0 320000.0 640000.0 960000.0 1280000.0 1600000.0 1920000.0 2240000.0 2560000.0 2880000.0 3200000.0 3520000.0 3840000.0 4160000.0 4480000.0 4800000.0 5120000.0 5440000.0 5760000.0 6080000.0 6400000.0 6720000.0 7040000.0 7360000.0 7680000.0 8000000.0 8320000.0 8640000.0 8960000.0 9280000.0 9600000.0
values: 1.5500000692904004 1.123618634827704 0.6596978389296558 0.7421258206803281 0.514869254197629 0.4802303598102159 0.43299484864293947 0.4658651599591493 0.48849997538319767 0.6019095261570968 0.6052981514258103 0.5051280238158332 0.3718418793346059 0.28498197558951094 0.3528248808230529 0.3506788523089067 0.3784036075681528 0.4047634999443012 0.5035514859582133 0.5099039641063791 0.38245450517145096 0.43459335019661816 0.3242318105921594 0.3545326141582145 0.4153528432883624 0.43255762311921364 0.41367901587007666 0.47622851687527323 0.404318505945802 0.3750052562656353 0.5138923262280771
seed: 513
steps: 0.0 320000.0 640000.0 960000.0 1280000.0 1600000.0 1920000.0 2240000.0 2560000.0 2880000.0 3200000.0 3520000.0 3840000.0 4160000.0 4480000.0 4800000.0 5120000.0 5440000.0 5760000.0 6080000.0 6400000.0 6720000.0 7040000.0 7360000.0 7680000.0 8000000.0 8320000.0 8640000.0 8960000.0 9280000.0 9600000.0
values: 1.5500000692904004 0.9505373477089835 0.527887860747348 0.7753051339150812 0.5292061801087806 0.6227864652609083 0.609937053385694 0.4695496667717176 0.49735392841700304 0.5070406021556207 0.3972603852398893 0.5188578760356781 0.4731168180181289 0.4280054953816035 0.46047251808491685 0.4050247297491626 0.4620082788526252 0.4993420965739956 0.6095781918047056 0.5926288750719475 0.5047597727299805 0.4625879327251421 0.4960191730451684 0.3727389385844106 0.31114885956427935 0.3665511405270156 0.4513502765809394 0.48081612172107946 0.42734579030264297 0.45671427504824774 0.45390565752596695
