algo_name: RNaD with replay
game_name: phantom_ttt
game_str: phantom_ttt 
metric: nash_conv
smoothing_window: -1
wm_warmup_env_step: -1
uniform_nash_conv: 1.577464
seed: 19
steps: 0.0 1152000.0 2304000.0 3456000.0 4608000.0 5760000.0 6912000.0 8064000.0 9216000.0 10368000.0 11520000.0 12672000.0 13824000.0 14976000.0 16128000.0 17280000.0 18432000.0 19584000.0 20736000.0 21888000.0 23040000.0 24192000.0 25344000.0 26496000.0 27648000.0 28800000.0 29952000.0 31104000.0 32256000.0 33408000.0 34560000.0
values: 1.577464 1.495135 1.286949 1.134178 1.148309 0.903835 1.019017 0.930641 0.769218 0.730456 0.693068 0.700447 0.665727 0.590743 0.60357 0.593837 0.528967 0.593602 0.578776 0.523886 0.578002 0.553715 0.610356 0.511713 0.693038 0.537204 0.447424 0.511311 0.482993 0.521171 0.482757
expl_p0: 0.921164 0.798761 0.717217 0.68235 0.808609 0.596457 0.723108 0.686637 0.565545 0.536725 0.482305 0.506701 0.422613 0.412631 0.439788 0.419487 0.356893 0.370105 0.361047 0.300509 0.331804 0.301045 0.356105 0.264039 0.4682 0.313648 0.249214 0.316445 0.260729 0.301974 0.273215
expl_p1: 0.6563 0.696375 0.569732 0.451828 0.339699 0.307378 0.295909 0.244004 0.203673 0.193732 0.210763 0.193746 0.243114 0.178113 0.163782 0.17435 0.172073 0.223497 0.217729 0.223377 0.246199 0.252671 0.254252 0.247674 0.224838 0.223556 0.198209 0.194866 0.222265 0.219197 0.209541
seconds: 241.1 281.7 255.8 231.3 227.9 253.4 238.0 258.6 297.7 253.5 308.0 249.5 253.8 269.4 259.4 223.1 241.0 266.1 258.9 253.3 244.2 217.3 201.9 203.1 212.7 246.9 285.1 240.7 224.7 245.7 235.3
seed: 42
steps: 0.0 1152000.0 2304000.0 3456000.0 4608000.0 5760000.0 6912000.0 8064000.0 9216000.0 10368000.0 11520000.0 12672000.0 13824000.0 14976000.0 16128000.0 17280000.0 18432000.0 19584000.0 20736000.0 21888000.0 23040000.0 24192000.0 25344000.0 26496000.0 27648000.0 28800000.0 29952000.0 31104000.0 32256000.0 33408000.0 34560000.0
values: 1.577464 1.487846 1.251618 1.047713 0.886344 0.844089 0.799592 0.70158 0.729061 0.735195 0.648758 0.698421 0.736295 0.677092 0.776057 0.770018 0.558002 0.472855 0.52126 0.484709 0.492528 0.533508 0.573677 0.64553 0.733977 0.602853 0.557149 0.515203 0.365231 0.412663 0.363098
expl_p0: 0.921164 0.833694 0.692977 0.626431 0.54311 0.529396 0.548012 0.491253 0.497864 0.520871 0.405395 0.490611 0.522848 0.456433 0.589423 0.579825 0.352948 0.246927 0.276835 0.246719 0.235208 0.302645 0.376584 0.475595 0.565259 0.417274 0.390521 0.335807 0.205907 0.264617 0.232124
expl_p1: 0.6563 0.654152 0.558641 0.421282 0.343234 0.314693 0.25158 0.210328 0.231197 0.214324 0.243363 0.20781 0.213447 0.220659 0.186634 0.190192 0.205054 0.225927 0.244425 0.23799 0.25732 0.230862 0.197093 0.169935 0.168718 0.18558 0.166627 0.179396 0.159325 0.148045 0.130974
seconds: 322.3 289.2 297.5 326.4 310.6 351.2 302.4 327.7 344.9 297.3 279.0 303.0 310.9 321.9 316.0 321.2 293.2 355.3 324.8 301.6 265.6 309.6 250.6 243.0 244.4 271.3 267.7 261.6 322.0 278.7 278.2
seed: 99
steps: 0.0 1152000.0 2304000.0 3456000.0 4608000.0 5760000.0 6912000.0 8064000.0 9216000.0 10368000.0 11520000.0 12672000.0 13824000.0 14976000.0 16128000.0 17280000.0 18432000.0 19584000.0 20736000.0 21888000.0 23040000.0 24192000.0 25344000.0 26496000.0 27648000.0 28800000.0 29952000.0 31104000.0 32256000.0 33408000.0 34560000.0
values: 1.577464 1.470382 1.35662 1.279613 1.169367 0.970339 0.853421 0.717914 0.751918 0.722033 0.702975 0.641762 0.619073 0.645372 0.606214 0.693546 0.704385 0.618186 0.56962 0.488585 0.481263 0.471026 0.514872 0.474882 0.463449 0.477635 0.52964 0.570473 0.51395 0.511599 0.412837
expl_p0: 0.921164 0.764335 0.762445 0.800965 0.767157 0.655074 0.627124 0.515991 0.566724 0.537363 0.51017 0.441714 0.436867 0.476851 0.445487 0.514394 0.484001 0.382963 0.354234 0.26413 0.241536 0.236399 0.284711 0.270927 0.255131 0.26795 0.310664 0.356171 0.327759 0.30037 0.250573
expl_p1: 0.6563 0.706048 0.594175 0.478648 0.40221 0.315266 0.226297 0.201923 0.185195 0.18467 0.192806 0.200047 0.182206 0.168521 0.160727 0.179152 0.220384 0.235223 0.215387 0.224456 0.239727 0.234627 0.230161 0.203955 0.208317 0.209685 0.218977 0.214302 0.186191 0.211228 0.162264
seconds: 234.1 204.2 223.7 205.8 210.4 208.7 243.4 222.8 233.8 299.2 165.9 236.2 244.7 257.3 218.2 247.6 230.2 229.4 245.6 236.0 217.9 233.4 171.4 174.3 165.4 212.7 177.0 172.1 196.8 164.0 176.8
seed: 150
steps: 0.0 1152000.0 2304000.0 3456000.0 4608000.0 5760000.0 6912000.0 8064000.0 9216000.0 10368000.0 11520000.0 12672000.0 13824000.0 14976000.0 16128000.0 17280000.0 18432000.0 19584000.0 20736000.0 21888000.0 23040000.0 24192000.0 25344000.0 26496000.0 27648000.0 28800000.0 29952000.0 31104000.0 32256000.0 33408000.0 34560000.0
values: 1.577464 1.48354 1.231111 1.11085 0.964694 0.857658 0.944371 0.827229 0.881653 0.826923 0.760794 0.666555 0.538958 0.495312 0.570811 0.51047 0.460592 0.514886 0.56643 0.56745 0.561128 0.542567 0.587165 0.587083 0.526446 0.534651 0.501912 0.463758 0.598252 0.488384 0.518668
expl_p0: 0.921164 0.82029 0.662386 0.680842 0.601332 0.545857 0.652115 0.593653 0.703653 0.652032 0.592963 0.512897 0.374524 0.346125 0.402953 0.339531 0.322067 0.33403 0.383903 0.394865 0.392838 0.372301 0.428465 0.408677 0.327001 0.323366 0.304362 0.28437 0.370775 0.258739 0.28964
expl_p1: 0.6563 0.66325 0.568724 0.430008 0.363362 0.311801 0.292255 0.233576 0.178 0.174891 0.167831 0.153658 0.164434 0.149187 0.167859 0.170939 0.138525 0.180856 0.182527 0.172585 0.168291 0.170266 0.1587 0.178406 0.199445 0.211285 0.19755 0.179388 0.227477 0.229644 0.229028
seconds: 322.0 305.4 237.9 220.0 222.2 261.9 365.7 268.5 309.8 385.2 250.5 275.1 271.8 281.0 288.2 285.5 267.8 253.9 237.2 303.7 229.9 285.1 222.3 264.5 224.4 243.0 231.2 217.7 315.2 263.6 289.5
seed: 160
steps: 0.0 1152000.0 2304000.0 3456000.0 4608000.0 5760000.0 6912000.0 8064000.0 9216000.0 10368000.0 11520000.0 12672000.0 13824000.0 14976000.0 16128000.0 17280000.0 18432000.0 19584000.0 20736000.0 21888000.0 23040000.0 24192000.0 25344000.0 26496000.0 27648000.0 28800000.0 29952000.0 31104000.0 32256000.0 33408000.0 34560000.0
values: 1.577464 1.454847 1.253169 1.011272 0.942221 0.889769 0.820474 0.827637 0.817408 0.800473 0.744072 0.744146 0.637186 0.562095 0.604006 0.552241 0.538672 0.516523 0.530365 0.517968 0.524698 0.544339 0.533835 0.520847 0.526594 0.536148 0.475559 0.441746 0.503895 0.466607 0.439919
expl_p0: 0.921164 0.758155 0.663127 0.537775 0.597307 0.57955 0.541022 0.583999 0.603161 0.595277 0.557112 0.568803 0.470941 0.408812 0.462958 0.421198 0.413545 0.390937 0.368218 0.365858 0.341201 0.335692 0.312338 0.293418 0.303297 0.323544 0.275572 0.251832 0.3106 0.274957 0.284901
expl_p1: 0.6563 0.696692 0.590042 0.473498 0.344915 0.31022 0.279452 0.243639 0.214248 0.205196 0.18696 0.175343 0.166245 0.153283 0.141049 0.131044 0.125127 0.125587 0.162146 0.152109 0.183497 0.208647 0.221497 0.227429 0.223297 0.212604 0.199987 0.189914 0.193295 0.191649 0.155018
seconds: 140.7 140.6 140.5 197.2 205.6 204.9 223.4 193.6 244.1 249.8 140.7 140.6 140.7 140.7 140.8 140.8 140.7 140.7 140.7 140.9 238.6 244.5 253.3 267.5 236.8 277.1 230.6 217.9 216.4 197.7 183.8
seed: 308
steps: 0.0 1152000.0 2304000.0 3456000.0 4608000.0 5760000.0 6912000.0 8064000.0 9216000.0 10368000.0 11520000.0 12672000.0 13824000.0 14976000.0 16128000.0 17280000.0 18432000.0 19584000.0 20736000.0 21888000.0 23040000.0 24192000.0 25344000.0 26496000.0 27648000.0 28800000.0 29952000.0 31104000.0 32256000.0 33408000.0 34560000.0
values: 1.577464 1.497358 1.233732 1.009098 0.883651 0.97286 0.846638 0.782092 0.758682 0.666109 0.693295 0.533948 0.549771 0.562948 0.610393 0.637991 0.489715 0.562916 0.515151 0.575771 0.629529 0.680219 0.641817 0.541403 0.557638 0.525841 0.52923 0.590615 0.537941 0.452867 0.494579
expl_p0: 0.921164 0.822487 0.657148 0.538692 0.515025 0.633855 0.530434 0.546395 0.532746 0.48428 0.514503 0.394266 0.409124 0.42699 0.489739 0.461178 0.363784 0.409512 0.387666 0.406816 0.433145 0.435147 0.385182 0.269857 0.286281 0.284651 0.315151 0.352749 0.304462 0.253865 0.282909
expl_p1: 0.6563 0.674871 0.576584 0.470406 0.368626 0.339004 0.316203 0.235697 0.225936 0.181829 0.178792 0.139682 0.140647 0.135959 0.120654 0.176813 0.125931 0.153404 0.127485 0.168955 0.196384 0.245073 0.256635 0.271545 0.271357 0.241189 0.214079 0.237867 0.233479 0.199002 0.21167
seconds: 265.2 248.7 278.0 262.9 248.0 283.6 261.3 262.2 304.3 255.2 237.0 251.0 260.0 262.1 260.6 218.5 228.7 270.4 271.2 248.6 239.3 230.4 217.7 255.8 234.3 220.9 191.3 238.7 242.8 233.8 236.3
seed: 513
steps: 0.0 1152000.0 2304000.0 3456000.0 4608000.0 5760000.0 6912000.0 8064000.0 9216000.0 10368000.0 11520000.0 12672000.0 13824000.0 14976000.0 16128000.0 17280000.0 18432000.0 19584000.0 20736000.0 21888000.0 23040000.0 24192000.0 25344000.0 26496000.0 27648000.0 28800000.0 29952000.0 31104000.0 32256000.0 33408000.0 34560000.0
values: 1.577464 1.487053 1.258455 1.002262 0.848542 0.984857 0.841092 0.903586 0.773702 0.721783 0.63154 0.61138 0.536783 0.511081 0.482303 0.506173 0.466522 0.511739 0.553792 0.552125 0.526532 0.49259 0.518751 0.619966 0.499914 0.542691 0.594868 0.493283 0.613135 0.463508 0.474968
expl_p0: 0.921164 0.823533 0.688743 0.573036 0.488552 0.690929 0.575076 0.654851 0.547481 0.529763 0.443231 0.464682 0.397207 0.373972 0.340644 0.354971 0.328025 0.359687 0.377361 0.391673 0.381393 0.331702 0.354063 0.40698 0.281848 0.337393 0.380676 0.276746 0.419805 0.260604 0.258853
expl_p1: 0.6563 0.66352 0.569712 0.429226 0.35999 0.293928 0.266015 0.248735 0.22622 0.192019 0.188309 0.146699 0.139576 0.13711 0.141658 0.151202 0.138497 0.152052 0.176431 0.160452 0.145139 0.160888 0.164688 0.212986 0.218066 0.205298 0.214192 0.216537 0.193331 0.202904 0.216115
seconds: 308.3 320.1 243.1 239.0 303.8 274.6 297.4 292.7 229.9 301.6 290.4 311.2 303.0 275.2 305.9 327.2 331.9 325.1 286.8 267.3 277.0 247.6 259.8 292.9 257.7 246.7 324.8 271.6 281.5 295.5 270.8
seed: 616
steps: 0.0 1152000.0 2304000.0 3456000.0 4608000.0 5760000.0 6912000.0 8064000.0 9216000.0 10368000.0 11520000.0 12672000.0 13824000.0 14976000.0 16128000.0 17280000.0 18432000.0 19584000.0 20736000.0 21888000.0 23040000.0 24192000.0 25344000.0 26496000.0 27648000.0 28800000.0 29952000.0 31104000.0 32256000.0 33408000.0 34560000.0
values: 1.577464 1.48466 1.234583 1.064037 0.965589 0.900464 0.810774 0.698198 0.668214 0.691677 0.64428 0.562359 0.691176 0.687807 0.662996 0.610698 0.715449 0.709818 0.644957 0.595692 0.599429 0.595357 0.556334 0.486215 0.557445 0.527964 0.492768 0.444451 0.369381 0.374726 0.350714
expl_p0: 0.921164 0.804528 0.642 0.616851 0.582826 0.606772 0.575475 0.509975 0.495855 0.469851 0.431491 0.332534 0.500768 0.507236 0.486203 0.410723 0.509311 0.447005 0.373097 0.316172 0.35451 0.353925 0.331874 0.297466 0.388772 0.35349 0.323386 0.287777 0.248335 0.23361 0.21865
expl_p1: 0.6563 0.680132 0.592583 0.447185 0.382763 0.293692 0.235299 0.188223 0.172359 0.221826 0.212788 0.229825 0.190408 0.180571 0.176793 0.199976 0.206138 0.262814 0.27186 0.27952 0.24492 0.241432 0.22446 0.188748 0.168673 0.174474 0.169382 0.156674 0.121046 0.141116 0.132064
seconds: 240.8 228.3 231.0 226.8 246.0 231.5 229.9 274.8 235.3 227.3 231.3 239.1 246.8 231.9 266.3 232.0 204.7 233.2 254.1 251.8 273.8 224.4 210.2 201.7 207.3 224.7 197.8 162.8 214.5 201.6 232.9
seed: 999
steps: 0.0 1152000.0 2304000.0 3456000.0 4608000.0 5760000.0 6912000.0 8064000.0 9216000.0 10368000.0 11520000.0 12672000.0 13824000.0 14976000.0 16128000.0 17280000.0 18432000.0 19584000.0 20736000.0 21888000.0 23040000.0 24192000.0 25344000.0 26496000.0 27648000.0 28800000.0 29952000.0 31104000.0 32256000.0 33408000.0 34560000.0
values: 1.577464 1.443455 1.196887 1.003262 0.967566 0.859593 0.724682 0.713281 0.710724 0.610544 0.559083 0.522699 0.624726 0.636052 0.619244 0.553405 0.53046 0.476634 0.499969 0.51919 0.536674 0.599216 0.528913 0.48788 0.457203 0.454991 0.42814 0.377832 0.43405 0.432738 0.471682
expl_p0: 0.921164 0.773397 0.627979 0.529692 0.590057 0.543312 0.486884 0.501891 0.507019 0.424266 0.381234 0.361851 0.446821 0.456092 0.441295 0.360577 0.320425 0.27266 0.3148 0.289137 0.310793 0.381882 0.336876 0.271938 0.24723 0.265481 0.262268 0.205428 0.285206 0.223181 0.311825
expl_p1: 0.6563 0.670057 0.568908 0.473571 0.377509 0.316282 0.237798 0.21139 0.203706 0.186277 0.177849 0.160848 0.177905 0.17996 0.177949 0.192828 0.210035 0.203974 0.185169 0.230053 0.225881 0.217335 0.192038 0.215942 0.209973 0.18951 0.165871 0.172404 0.148844 0.209557 0.159858
seconds: 275.5 243.5 253.0 246.8 235.4 269.1 243.1 220.3 257.1 235.7 284.8 263.7 244.6 278.5 239.9 209.6 222.4 262.9 301.5 287.5 248.0 224.8 259.0 216.4 198.5 194.4 214.3 224.2 193.6 224.0 236.7
seed: 1000
steps: 0.0 1152000.0 2304000.0 3456000.0 4608000.0 5760000.0 6912000.0 8064000.0 9216000.0 10368000.0 11520000.0 12672000.0 13824000.0 14976000.0 16128000.0 17280000.0 18432000.0 19584000.0 20736000.0 21888000.0 23040000.0 24192000.0 25344000.0 26496000.0 27648000.0 28800000.0 29952000.0 31104000.0 32256000.0 33408000.0 34560000.0
values: 1.577464 1.514187 1.260507 1.096635 0.978479 0.868814 0.944016 0.783092 0.786174 0.546 0.597795 0.553848 0.589881 0.613269 0.614977 0.602625 0.544108 0.519391 0.490438 0.524466 0.566167 0.500955 0.528357 0.590674 0.516947 0.547468 0.509275 0.580956 0.438391 0.392761 0.429264
expl_p0: 0.921164 0.856133 0.646771 0.60482 0.590472 0.548142 0.654188 0.5619 0.59917 0.392146 0.434577 0.396497 0.413541 0.427067 0.44152 0.424578 0.3553 0.299653 0.248777 0.31473 0.325168 0.25278 0.305973 0.325557 0.27926 0.349928 0.314378 0.418239 0.295483 0.269195 0.249079
expl_p1: 0.6563 0.658054 0.613736 0.491815 0.388007 0.320672 0.289828 0.221191 0.187003 0.153853 0.163218 0.157351 0.176341 0.186202 0.173457 0.178047 0.188808 0.219738 0.241662 0.209736 0.240999 0.248175 0.222384 0.265116 0.237687 0.19754 0.194897 0.162718 0.142908 0.123566 0.180185
seconds: 238.2 225.2 224.1 192.3 242.6 235.3 285.3 235.2 239.7 303.8 234.4 242.7 242.9 233.2 278.5 242.3 237.9 241.3 271.9 247.2 227.7 239.7 214.9 248.1 219.6 209.5 235.4 241.9 222.4 211.2 243.6
