algo_name: MMD
game_name: phantom_ttt
game_str: phantom_ttt 
metric: nash_conv
smoothing_window: -1
wm_warmup_env_step: -1
uniform_nash_conv: 1.577464
seed: 19
steps: 0.0 1152000.0 2304000.0 3456000.0 4608000.0 5760000.0 6912000.0 8064000.0 9216000.0 10368000.0 11520000.0 12672000.0 13824000.0 14976000.0 16128000.0 17280000.0 18432000.0 19584000.0 20736000.0 21888000.0 23040000.0 24192000.0 25344000.0 26496000.0 27648000.0 28800000.0 29952000.0 31104000.0 32256000.0 33408000.0 34560000.0
values: 1.577464 1.228212 1.158262 0.961366 0.838876 0.799817 0.743291 0.660334 0.613496 0.606249 0.662219 0.593625 0.648329 0.630236 0.566838 0.601632 0.559928 0.55412 0.501447 0.564375 0.474197 0.579584 0.502347 0.485929 0.516975 0.545032 0.527405 0.519349 0.491668 0.522467 0.454617
expl_p0: 0.921164 0.662666 0.655314 0.523557 0.505504 0.435963 0.446338 0.378648 0.331697 0.314337 0.376148 0.336528 0.356295 0.310524 0.312427 0.347504 0.32961 0.288386 0.285816 0.296549 0.235847 0.290626 0.254455 0.246313 0.253464 0.277543 0.27402 0.257862 0.245713 0.228335 0.203089
expl_p1: 0.6563 0.565546 0.502948 0.43781 0.333372 0.363854 0.296953 0.281685 0.2818 0.291912 0.286071 0.257097 0.292033 0.319711 0.254411 0.254128 0.230318 0.265734 0.215631 0.267825 0.23835 0.288958 0.247892 0.239616 0.263511 0.267489 0.253385 0.261487 0.245955 0.294132 0.251528
seconds: 193.7 201.2 200.1 200.7 187.6 189.8 185.4 186.7 184.2 187.5 187.5 178.8 186.1 194.5 185.1 182.0 197.3 209.2 204.2 198.7 194.6 203.2 195.0 196.9 203.1 192.7 184.8 189.5 186.4 204.2 205.3
seed: 42
steps: 0.0 1152000.0 2304000.0 3456000.0 4608000.0 5760000.0 6912000.0 8064000.0 9216000.0 10368000.0 11520000.0 12672000.0 13824000.0 14976000.0 16128000.0 17280000.0 18432000.0 19584000.0 20736000.0 21888000.0 23040000.0 24192000.0 25344000.0 26496000.0 27648000.0 28800000.0 29952000.0 31104000.0 32256000.0 33408000.0 34560000.0
values: 1.577464 1.276597 1.106059 0.954346 0.843021 0.796909 0.723088 0.729438 0.61664 0.634962 0.647437 0.575346 0.563613 0.581844 0.602175 0.542496 0.529493 0.584117 0.514239 0.596723 0.518108 0.629007 0.60568 0.546972 0.568658 0.541423 0.52866 0.504113 0.465863 0.464148 0.52996
expl_p0: 0.921164 0.71258 0.613718 0.538382 0.484481 0.446475 0.437894 0.453552 0.360885 0.377473 0.40611 0.321116 0.315067 0.335512 0.362547 0.279395 0.261989 0.356836 0.250008 0.329423 0.270153 0.367057 0.324018 0.280992 0.311147 0.288125 0.287239 0.266972 0.225001 0.222501 0.259827
expl_p1: 0.6563 0.564016 0.492341 0.415964 0.35854 0.350434 0.285194 0.275887 0.255755 0.257489 0.241327 0.254229 0.248546 0.246332 0.239628 0.263101 0.267505 0.227281 0.264231 0.2673 0.247955 0.261949 0.281661 0.26598 0.257511 0.253298 0.241421 0.237142 0.240862 0.241647 0.270134
seconds: 194.5 186.1 184.4 177.7 197.0 204.9 184.1 181.3 183.7 183.1 179.9 188.5 179.2 173.1 189.3 174.6 171.5 207.9 185.8 183.8 180.1 184.9 171.2 175.5 194.2 187.8 186.3 194.4 185.5 173.3 191.8
seed: 99
steps: 0.0 1152000.0 2304000.0 3456000.0 4608000.0 5760000.0 6912000.0 8064000.0 9216000.0 10368000.0 11520000.0 12672000.0 13824000.0 14976000.0 16128000.0 17280000.0 18432000.0 19584000.0 20736000.0 21888000.0 23040000.0 24192000.0 25344000.0 26496000.0 27648000.0 28800000.0 29952000.0 31104000.0 32256000.0 33408000.0 34560000.0
values: 1.577464 1.377768 1.195242 0.95693 1.000716 0.812654 0.762804 0.663666 0.65188 0.699778 0.59754 0.657044 0.599381 0.560292 0.586499 0.546087 0.634045 0.531391 0.578819 0.558668 0.526906 0.519305 0.608757 0.526298 0.47669 0.549327 0.561367 0.545338 0.498357 0.531563 0.463201
expl_p0: 0.921164 0.739417 0.709074 0.533232 0.587718 0.472549 0.434365 0.427033 0.377947 0.406102 0.32816 0.397619 0.338511 0.346361 0.304194 0.291105 0.344068 0.26217 0.306844 0.276704 0.268562 0.27017 0.32366 0.305257 0.242945 0.287022 0.297903 0.297499 0.224124 0.294967 0.242064
expl_p1: 0.6563 0.63835 0.486168 0.423698 0.412998 0.340105 0.328439 0.236633 0.273933 0.293676 0.26938 0.259425 0.26087 0.213931 0.282306 0.254982 0.289977 0.269221 0.271975 0.281964 0.258344 0.249135 0.285098 0.221041 0.233745 0.262305 0.263464 0.247838 0.274234 0.236596 0.221137
seconds: 171.8 168.4 177.3 189.9 182.7 200.2 186.5 187.0 181.3 192.5 179.5 193.6 178.6 175.8 171.3 190.6 192.7 212.8 176.4 185.1 181.8 183.3 221.9 192.7 185.5 183.1 170.3 184.7 173.9 197.1 183.7
seed: 150
steps: 0.0 1152000.0 2304000.0 3456000.0 4608000.0 5760000.0 6912000.0 8064000.0 9216000.0 10368000.0 11520000.0 12672000.0 13824000.0 14976000.0 16128000.0 17280000.0 18432000.0 19584000.0 20736000.0 21888000.0 23040000.0 24192000.0 25344000.0 26496000.0 27648000.0 28800000.0 29952000.0 31104000.0 32256000.0 33408000.0 34560000.0
values: 1.577464 1.232091 1.206581 1.030057 0.87651 0.841487 0.710969 0.615746 0.665015 0.623592 0.579523 0.58566 0.545076 0.562826 0.600659 0.601967 0.550996 0.593555 0.494677 0.545211 0.547506 0.46907 0.577074 0.506835 0.477283 0.550789 0.618548 0.482001 0.550158 0.443941 0.472803
expl_p0: 0.921164 0.657599 0.686221 0.606835 0.51787 0.451314 0.422056 0.387219 0.383338 0.348465 0.341432 0.318145 0.304345 0.293964 0.344421 0.341127 0.280781 0.335993 0.258639 0.281685 0.281789 0.216165 0.334181 0.259775 0.25677 0.277081 0.371137 0.246204 0.273176 0.233054 0.222046
expl_p1: 0.6563 0.574492 0.52036 0.423222 0.35864 0.390173 0.288913 0.228528 0.281677 0.275127 0.238092 0.267515 0.240732 0.268862 0.256238 0.26084 0.270215 0.257562 0.236038 0.263526 0.265717 0.252906 0.242893 0.24706 0.220513 0.273708 0.247411 0.235797 0.276982 0.210887 0.250757
seconds: 186.2 190.3 197.9 181.6 194.3 191.3 190.0 182.7 193.7 179.4 176.8 184.8 183.1 172.0 178.5 191.2 193.0 211.7 204.2 196.9 187.6 195.0 185.5 187.5 187.0 196.6 186.5 196.5 200.7 186.2 202.9
seed: 160
steps: 0.0 1152000.0 2304000.0 3456000.0 4608000.0 5760000.0 6912000.0 8064000.0 9216000.0 10368000.0 11520000.0 12672000.0 13824000.0 14976000.0 16128000.0 17280000.0 18432000.0 19584000.0 20736000.0 21888000.0 23040000.0 24192000.0 25344000.0 26496000.0 27648000.0 28800000.0 29952000.0 31104000.0 32256000.0 33408000.0 34560000.0
values: 1.577464 1.245647 1.067515 0.986015 0.920134 0.798929 0.826873 0.764484 0.599122 0.694172 0.609332 0.654791 0.607551 0.579554 0.594578 0.573072 0.595455 0.563132 0.512147 0.601496 0.595016 0.494869 0.483948 0.546552 0.53022 0.510366 0.447562 0.52745 0.516451 0.573999 0.542837
expl_p0: 0.921164 0.681757 0.570989 0.501592 0.504404 0.464615 0.507811 0.427404 0.368493 0.405376 0.342931 0.363166 0.336034 0.33095 0.320277 0.298687 0.347592 0.285131 0.288794 0.322992 0.337194 0.232995 0.245261 0.309012 0.263307 0.25494 0.215106 0.286157 0.24792 0.32988 0.28901
expl_p1: 0.6563 0.56389 0.496526 0.484423 0.41573 0.334314 0.319062 0.337081 0.230629 0.288797 0.266401 0.291625 0.271518 0.248604 0.274301 0.274385 0.247863 0.278001 0.223353 0.278503 0.257823 0.261873 0.238687 0.23754 0.266913 0.255426 0.232456 0.241294 0.268532 0.244119 0.253827
seconds: 228.1 219.5 198.6 195.3 186.7 202.3 191.2 185.4 192.6 202.1 198.2 202.2 230.8 207.1 209.0 216.0 214.1 200.7 195.8 191.1 182.3 201.0 187.1 196.7 181.4 207.4 182.7 193.0 205.3 192.2 199.0
seed: 308
steps: 0.0 1152000.0 2304000.0 3456000.0 4608000.0 5760000.0 6912000.0 8064000.0 9216000.0 10368000.0 11520000.0 12672000.0 13824000.0 14976000.0 16128000.0 17280000.0 18432000.0 19584000.0 20736000.0 21888000.0 23040000.0 24192000.0 25344000.0 26496000.0 27648000.0 28800000.0 29952000.0 31104000.0 32256000.0 33408000.0 34560000.0
values: 1.577464 1.184194 1.042187 0.953771 0.954759 0.701902 0.725516 0.898838 0.737951 0.68323 0.593593 0.703121 0.752652 0.523514 0.622781 0.612045 0.621144 0.51617 0.559858 0.547142 0.543543 0.500119 0.507702 0.517405 0.471352 0.503394 0.572097 0.553954 0.411469 0.535699 0.417663
expl_p0: 0.921164 0.639632 0.571322 0.515788 0.544312 0.435988 0.396301 0.563427 0.451639 0.403257 0.326346 0.362165 0.430136 0.276403 0.35495 0.323901 0.381911 0.261361 0.307081 0.289093 0.261712 0.290957 0.240398 0.276476 0.223799 0.224931 0.302652 0.250627 0.175025 0.28642 0.200232
expl_p1: 0.6563 0.544562 0.470865 0.437983 0.410447 0.265915 0.329215 0.335411 0.286311 0.279973 0.267247 0.340957 0.322516 0.247111 0.267831 0.288145 0.239232 0.254809 0.252777 0.258049 0.28183 0.209162 0.267304 0.240929 0.247553 0.278463 0.269445 0.303327 0.236445 0.249278 0.217431
seconds: 209.3 192.1 206.1 199.2 183.7 190.6 186.3 184.5 169.4 194.6 186.9 173.6 178.4 186.0 178.2 198.9 198.4 246.8 211.4 191.3 190.0 194.4 199.7 190.5 195.7 212.1 182.5 188.9 181.7 205.5 189.3
seed: 513
steps: 0.0 1152000.0 2304000.0 3456000.0 4608000.0 5760000.0 6912000.0 8064000.0 9216000.0 11520000.0 12672000.0 13824000.0 14976000.0 16128000.0 17280000.0 18432000.0 19584000.0 20736000.0 21888000.0 23040000.0 24192000.0 25344000.0 26496000.0 27648000.0 28800000.0 29952000.0 31104000.0 32256000.0 33408000.0 34560000.0
values: 1.577464 1.203593 1.126335 1.027159 0.912318 0.772129 0.75543 0.629961 0.711552 0.671578 0.638869 0.545108 0.613315 0.694876 0.550944 0.625516 0.610066 0.503359 0.552129 0.530085 0.432721 0.422664 0.440354 0.519141 0.525361 0.521592 0.567831 0.525253 0.479729 0.488985
expl_p0: 0.921164 0.630174 0.620619 0.586371 0.48517 0.4531 0.457993 0.362649 0.43818 0.360098 0.359647 0.298055 0.321408 0.383772 0.294894 0.299545 0.33704 0.228803 0.274066 0.269001 0.222142 0.217213 0.200372 0.241865 0.258442 0.264202 0.305777 0.266771 0.240986 0.259371
expl_p1: 0.6563 0.573419 0.505716 0.440788 0.427148 0.319029 0.297437 0.267311 0.273372 0.311479 0.279222 0.247053 0.291907 0.311104 0.256051 0.325971 0.273026 0.274556 0.278063 0.261084 0.21058 0.205451 0.239982 0.277276 0.266918 0.25739 0.262055 0.258482 0.238743 0.229614
seconds: 229.1 217.8 236.5 239.5 242.5 232.6 229.5 220.2 229.4 223.4 242.7 223.9 239.6 248.0 261.8 244.1 247.2 234.9 235.2 236.1 250.2 228.7 238.0 228.4 240.7 236.2 241.0 221.7 232.3 220.5
seed: 616
steps: 0.0 1152000.0 2304000.0 3456000.0 4608000.0 5760000.0 6912000.0 8064000.0 9216000.0 10368000.0 11520000.0 12672000.0 13824000.0 14976000.0 16128000.0 17280000.0 18432000.0 19584000.0 20736000.0 21888000.0 23040000.0 24192000.0 25344000.0 26496000.0 27648000.0 28800000.0 29952000.0 31104000.0 32256000.0 33408000.0 34560000.0
values: 1.577464 1.207099 1.142877 1.079438 0.878983 0.791096 0.782572 0.740357 0.653686 0.675759 0.659179 0.686395 0.657152 0.575572 0.511184 0.557797 0.574535 0.517425 0.536599 0.54071 0.50445 0.480962 0.461399 0.496434 0.498151 0.554861 0.48416 0.5001 0.509199 0.481885 0.608971
expl_p0: 0.921164 0.64774 0.634667 0.638158 0.450489 0.414544 0.449966 0.443717 0.38659 0.391767 0.362785 0.39072 0.38243 0.311256 0.28725 0.259826 0.330695 0.272774 0.261526 0.268155 0.270254 0.241374 0.23971 0.234342 0.266278 0.304894 0.238361 0.242436 0.250131 0.203497 0.31222
expl_p1: 0.6563 0.559359 0.50821 0.44128 0.428493 0.376553 0.332606 0.29664 0.267096 0.283991 0.296393 0.295675 0.274722 0.264315 0.223934 0.297971 0.24384 0.24465 0.275073 0.272556 0.234196 0.239587 0.221689 0.262091 0.231873 0.249966 0.2458 0.257664 0.259068 0.278389 0.296752
seconds: 191.9 195.1 194.9 202.9 206.3 207.6 199.7 197.0 188.1 209.1 196.4 189.9 179.6 184.3 191.5 205.4 231.6 191.2 195.0 200.0 187.2 190.2 207.8 192.7 209.8 197.5 202.4 200.4 191.2 184.4 195.9
seed: 999
steps: 0.0 1152000.0 2304000.0 3456000.0 4608000.0 5760000.0 6912000.0 8064000.0 9216000.0 10368000.0 11520000.0 12672000.0 13824000.0 14976000.0 16128000.0 17280000.0 18432000.0 19584000.0 20736000.0 21888000.0 23040000.0 24192000.0 25344000.0 26496000.0 27648000.0 28800000.0 29952000.0 31104000.0 32256000.0 33408000.0 34560000.0
values: 1.577464 1.208635 1.11172 1.07315 0.888845 0.772169 0.664924 0.676884 0.677101 0.694102 0.674213 0.636441 0.641829 0.648646 0.64273 0.614021 0.579906 0.533353 0.588682 0.5236 0.543853 0.569371 0.495699 0.546436 0.513472 0.528841 0.527447 0.574614 0.449884 0.447473 0.393037
expl_p0: 0.921164 0.662998 0.650059 0.583152 0.468557 0.405833 0.35842 0.349454 0.348954 0.400312 0.3666 0.357667 0.364562 0.355829 0.341969 0.348641 0.310937 0.279832 0.341995 0.271396 0.273191 0.31064 0.25755 0.283586 0.264038 0.300307 0.260208 0.322548 0.232843 0.230706 0.169817
expl_p1: 0.6563 0.545638 0.461662 0.489999 0.420288 0.366337 0.306504 0.327431 0.328147 0.29379 0.307613 0.278774 0.277267 0.292817 0.300761 0.26538 0.268969 0.25352 0.246686 0.252204 0.270661 0.258732 0.238148 0.262849 0.249434 0.228534 0.267239 0.252066 0.217041 0.216767 0.22322
seconds: 190.5 186.5 190.5 200.2 203.0 182.1 197.9 184.5 187.6 183.2 196.2 169.9 173.1 180.7 176.9 188.8 187.9 209.1 198.5 192.6 196.4 200.3 185.2 194.6 200.1 190.4 186.0 196.4 222.4 197.5 200.6
seed: 1000
steps: 0.0 1152000.0 2304000.0 3456000.0 4608000.0 5760000.0 6912000.0 8064000.0 9216000.0 10368000.0 11520000.0 12672000.0 13824000.0 14976000.0 16128000.0 17280000.0 18432000.0 19584000.0 20736000.0 21888000.0 23040000.0 24192000.0 25344000.0 26496000.0 27648000.0 28800000.0 29952000.0 31104000.0 32256000.0 33408000.0 34560000.0
values: 1.577464 1.268317 1.203321 1.019758 0.842637 0.888403 0.696323 0.826274 0.64156 0.741534 0.678235 0.676646 0.580758 0.55485 0.520913 0.625767 0.524054 0.611152 0.511557 0.543717 0.488101 0.477935 0.484421 0.47517 0.47081 0.52636 0.529275 0.542056 0.466324 0.489733 0.426894
expl_p0: 0.921164 0.669924 0.684094 0.582348 0.444671 0.553497 0.41164 0.511452 0.359879 0.466855 0.412235 0.388244 0.305478 0.281826 0.283337 0.33795 0.263196 0.322727 0.279416 0.270267 0.242944 0.262904 0.21325 0.227869 0.228554 0.233902 0.251318 0.241612 0.231331 0.264398 0.208377
expl_p1: 0.6563 0.598393 0.519227 0.437411 0.397966 0.334906 0.284683 0.314823 0.281681 0.274679 0.265999 0.288402 0.27528 0.273025 0.237576 0.287817 0.260857 0.288426 0.232141 0.27345 0.245157 0.215032 0.271171 0.247301 0.242256 0.292458 0.277956 0.300443 0.234993 0.225335 0.218517
seconds: 196.3 202.1 192.7 201.3 191.6 195.3 187.5 190.3 190.2 180.5 191.3 180.5 185.0 188.6 185.0 182.4 191.2 204.8 206.4 194.2 207.5 200.4 193.8 192.2 192.1 178.6 199.3 188.5 190.1 222.8 191.0
