algo_name: RNaD0
game_name: leduc
game_str: leduc 
metric: nash_conv
smoothing_window: -1
wm_warmup_env_step: -1
uniform_nash_conv: 0.36517097956190625
seed: 42
steps: 0.0 576000.0 1152000.0 1728000.0 2304000.0 2880000.0 3456000.0 4032000.0 4608000.0 5184000.0 5760000.0
values: 0.36517097956190625 0.20144846288253476 0.13582310685969093 0.10075965133845435 0.0831858544419169 0.07120760882458296 0.06263329679646068 0.06191250392780405 0.060770764902683065 0.062179356265794516 0.08347618995347364
seed: 99
steps: 0.0 576000.0 1152000.0 1728000.0 2304000.0 2880000.0 3456000.0 4032000.0 4608000.0 5184000.0 5760000.0
values: 0.36517097956190625 0.19833141333396442 0.12217247316777241 0.09217001064694866 0.07757931065900861 0.06837742675948832 0.06206516099576245 0.06942828110194066 0.07099981837815644 0.0868269136489041 0.1111709658302566
seed: 160
steps: 0.0 576000.0 1152000.0 1728000.0 2304000.0 2880000.0 3456000.0 4032000.0 4608000.0 5184000.0 5760000.0
values: 0.36517097956190625 0.1920779635857418 0.13576039745855648 0.10291860981227793 0.08281015132649482 0.06859075560736708 0.05836725013405775 0.06097822045522408 0.06324608809655421 0.07444964414908659 0.1107088083701562
seed: 308
steps: 0.0 576000.0 1152000.0 1728000.0 2304000.0 2880000.0 3456000.0 4032000.0 4608000.0 5184000.0 5760000.0
values: 0.36517097956190625 0.17755892629177167 0.12099576210627333 0.09335505953541973 0.07725775437041395 0.0648374667247713 0.06513695461779523 0.06713722152102898 0.07685719875877266 0.08241148728058989 0.1245066073840088
seed: 150
steps: 0.0 576000.0 1152000.0 1728000.0 2304000.0 2880000.0 3456000.0 4032000.0 4608000.0 5184000.0 5760000.0
values: 0.36517097956190625 0.20012747534687503 0.13108543631439173 0.10002796352109325 0.08428693572196168 0.07744164805877772 0.06679582665435496 0.060958782888209224 0.06470428055930161 0.0755905971876995 0.10094399673677343
seed: 999
steps: 0.0 576000.0 1152000.0 1728000.0 2304000.0 2880000.0 3456000.0 4032000.0 4608000.0 5184000.0 5760000.0
values: 0.36517097956190625 0.20151209902125633 0.12365354596915917 0.09662909530903921 0.07978515329769967 0.0697088062905652 0.06653068089827852 0.06751601024611745 0.09220746936328596 0.1093522112213719 0.10848655990827219
seed: 616
steps: 0.0 576000.0 1152000.0 1728000.0 2304000.0 2880000.0 3456000.0 4032000.0 4608000.0 5184000.0 5760000.0
values: 0.36517097956190625 0.19223013598667457 0.13493725610095908 0.09655685912402047 0.0815671676860859 0.07021806914425743 0.062330231569262665 0.05920415540473507 0.08065176683471117 0.0998837216604071 0.11325596201973645
seed: 19
steps: 0.0 576000.0 1152000.0 1728000.0 2304000.0 2880000.0 3456000.0 4032000.0 4608000.0 5184000.0 5760000.0
values: 0.36517097956190625 0.17575961403776022 0.10929873011265762 0.08538360383298224 0.06510087507896056 0.0656381943674013 0.07192374816986577 0.08081146235393513 0.0992614278913373 0.09517606943784084 0.11367394632953379
seed: 1000
steps: 0.0 576000.0 1152000.0 1728000.0 2304000.0 2880000.0 3456000.0 4032000.0 4608000.0 5184000.0 5760000.0
values: 0.36517097956190625 0.18830895040507162 0.13131834790033434 0.09629998291904127 0.07875288981804093 0.06951911914499626 0.05654159216077702 0.05541637301298939 0.07906731629088903 0.10939225631703936 0.12070638143504514
seed: 513
steps: 0.0 576000.0 1152000.0 1728000.0 2304000.0 2880000.0 3456000.0 4032000.0 4608000.0 5184000.0 5760000.0
values: 0.36517097956190625 0.1991546973478478 0.13952651708313427 0.10318518487162684 0.08646398746210152 0.06920701641700942 0.06682767617439134 0.061958301732973925 0.08748659640256633 0.09397633124004473 0.11020979416978743
