algo_name: NashDreamer
game_name: goofspiel_5
game_str: goofspiel Param: num_cards value: 5
metric: nash_conv
smoothing_window: -1
wm_warmup_env_step: 320000.0
uniform_nash_conv: 1.5500000692904004
seed: 42
steps: 0.0 320000.0 640000.0 960000.0 1280000.0 1600000.0 1920000.0 2240000.0 2560000.0 2880000.0 3200000.0 3520000.0 3840000.0 4160000.0 4480000.0 4800000.0 5120000.0 5440000.0 5760000.0 6080000.0 6400000.0 6720000.0 7040000.0 7360000.0 7680000.0 8000000.0 8320000.0 8640000.0 8960000.0 9280000.0 9600000.0
values: 1.5500000692904004 1.2318153519520858 0.5027071599222971 0.5636899943638839 0.3869134961378038 0.2511371482226627 0.38869221863542136 0.26833336763659493 0.2566562189617351 0.27523123579407766 0.23091525309935904 0.2781596155412175 0.29268425528818987 0.34287678581397635 0.31702912545693795 0.313657807967225 0.3563449120549728 0.3423865236370342 0.29178055768481526 0.3286790012145885 0.25638467024542055 0.3259646932699979 0.19909337018472 0.29274250048191447 0.30424133008036514 0.3288513774834073 0.34985930027178835 0.27829839520147914 0.2966902930856776 0.27397062723876 0.338032005705052
seed: 99
steps: 0.0 320000.0 640000.0 960000.0 1280000.0 1600000.0 1920000.0 2240000.0 2560000.0 2880000.0 3200000.0 3520000.0 3840000.0 4160000.0 4480000.0 4800000.0 5120000.0 5440000.0 5760000.0 6080000.0 6400000.0 6720000.0 7040000.0 7360000.0 7680000.0 8000000.0 8320000.0 8640000.0 8960000.0 9280000.0 9600000.0
values: 1.5500000692904004 1.1179751187830036 0.6192667763070399 0.4224382577980471 0.4066911606191421 0.32798906890209933 0.4738790672330384 0.4352131879704426 0.45115385045400436 0.40347845672167293 0.33871600659921447 0.2971677047124587 0.2818104966149219 0.3033873725114371 0.37160040045117537 0.32296933137920036 0.2422055724296427 0.2750520662809009 0.3741942105119318 0.34197251010726737 0.36414917032475647 0.2494711232381826 0.22253783535032778 0.23043518204088256 0.2728091095534232 0.24653496532726457 0.30266360425993954 0.3908892917658704 0.35548064398515955 0.2726552125233258 0.31006217543493875
seed: 160
steps: 0.0 320000.0 640000.0 960000.0 1280000.0 1600000.0 1920000.0 2240000.0 2560000.0 2880000.0 3200000.0 3520000.0 3840000.0 4160000.0 4480000.0 4800000.0 5120000.0 5440000.0 5760000.0 6080000.0 6400000.0 6720000.0 7040000.0 7360000.0 7680000.0 8000000.0 8320000.0 8640000.0 8960000.0 9280000.0 9600000.0
values: 1.5500000692904004 1.17293318547624 0.5634971372567423 0.44385078022850866 0.38362657331880345 0.29718294971626846 0.41801891057413376 0.35122162741208013 0.3619225361342939 0.3361759182810451 0.5341905906925671 0.33016104937525403 0.2640418765653167 0.32799199776382953 0.29798751998005724 0.4019183226772379 0.4120750585747183 0.49388838680417124 0.3961207509028093 0.40738999687861266 0.4237825348760308 0.33525089872594416 0.245781544127654 0.3449452337131086 0.37701678189551996 0.33502776788663297 0.36568462337143437 0.405635096025085 0.3766903682712106 0.33385023582065937 0.31894068262747116
seed: 308
steps: 0.0 320000.0 640000.0 960000.0 1280000.0 1600000.0 1920000.0 2240000.0 2560000.0 2880000.0 3200000.0 3520000.0 3840000.0 4160000.0 4480000.0 4800000.0 5120000.0 5440000.0 5760000.0 6080000.0 6400000.0 6720000.0 7040000.0 7360000.0 7680000.0 8000000.0 8320000.0 8640000.0 8960000.0 9280000.0 9600000.0
values: 1.5500000692904004 1.1357748057502195 0.5170262718773925 0.3911671785535296 0.583230492023245 0.6749747323404942 0.32567152137414834 0.42287588763989126 0.37740665272918783 0.3999253986326786 0.3594824327782749 0.30849006114965283 0.32125580324467107 0.32393614118276265 0.2508242770185247 0.3469970198634824 0.30535853958091086 0.3277803060550496 0.27586925062902184 0.37002635119258154 0.33768885221200984 0.39477679218238815 0.308017453556209 0.3113063445355942 0.333219599011384 0.30883193724046976 0.25222256731776677 0.21819140469451792 0.21806620223755896 0.20841560002325293 0.29087163848037784
seed: 150
steps: 0.0 320000.0 640000.0 960000.0 1280000.0 1600000.0 1920000.0 2240000.0 2560000.0 2880000.0 3200000.0 3520000.0 3840000.0 4160000.0 4480000.0 4800000.0 5120000.0 5440000.0 5760000.0 6080000.0 6400000.0 6720000.0 7040000.0 7360000.0 7680000.0 8000000.0 8320000.0 8640000.0 8960000.0 9280000.0 9600000.0
values: 1.5500000692904004 1.0389538852579117 0.418600098562041 0.5034519973122293 0.27862794147575665 0.22059058958124017 0.3559488003385083 0.3555290977508415 0.3368903190437813 0.2624200506279149 0.30934031121254857 0.32103217016464436 0.30307455720077947 0.23489800182402834 0.2522129115982209 0.27893709557332474 0.30659571911309214 0.3115040151284946 0.2776900165834452 0.2697172519618296 0.34459704472975383 0.3445788148136287 0.3412085292121514 0.3388708189571786 0.2783929891627881 0.28931015220534756 0.2648469175112545 0.18692838110542606 0.23316508542209977 0.2063339407265848 0.2364412026135437
seed: 999
steps: 0.0 320000.0 640000.0 960000.0 1280000.0 1600000.0 1920000.0 2240000.0 2560000.0 2880000.0 3200000.0 3520000.0 3840000.0 4160000.0 4480000.0 4800000.0 5120000.0 5440000.0 5760000.0 6080000.0 6400000.0 6720000.0 7040000.0 7360000.0 7680000.0 8000000.0 8320000.0 8640000.0 8960000.0 9280000.0 9600000.0
values: 1.5500000692904004 1.3026568966963405 0.5957040129375416 0.4578095862256213 0.28162866112616725 0.43307093228223786 0.3954818266787171 0.29367841324513366 0.2661786543721387 0.4045362517455536 0.2881077478818449 0.34427719184538663 0.360031662466034 0.32836602515721064 0.2886827415248526 0.24493490826170583 0.2664095231640676 0.3085372741067463 0.3706388639553322 0.41852163723472696 0.32719051147463174 0.3082246397309002 0.33506562657693373 0.35528244038789447 0.29019094186401123 0.31092115126046804 0.27896988411685547 0.2611062283787271 0.3396818796955896 0.35316867849915184 0.31697750991069285
seed: 616
steps: 0.0 320000.0 640000.0 960000.0 1280000.0 1600000.0 1920000.0 2240000.0 2560000.0 2880000.0 3200000.0 3520000.0 3840000.0 4160000.0 4480000.0 4800000.0 5120000.0 5440000.0 5760000.0 6080000.0 6400000.0 6720000.0 7040000.0 7360000.0 7680000.0 8000000.0 8320000.0 8640000.0 8960000.0 9280000.0 9600000.0
values: 1.5500000692904004 1.119080077774733 0.5298893598156389 0.45759452913796156 0.3148456999311756 0.35462059272050084 0.26371663269465706 0.32133084218213737 0.29824378815549046 0.301864335006223 0.24265580176907253 0.32755781643567816 0.30308900367241565 0.36765907965075234 0.3909009785571673 0.27277280123849434 0.32457295000039155 0.3020267952140649 0.24938666682383692 0.29204716884968573 0.31806114963084564 0.35668152510111334 0.2823180543897685 0.34050246662489625 0.371525261039383 0.29305089765446923 0.24516158669645166 0.30967942149406125 0.2733051950807051 0.3201839981449468 0.3581104541866431
seed: 19
steps: 0.0 320000.0 640000.0 960000.0 1280000.0 1600000.0 1920000.0 2240000.0 2560000.0 2880000.0 3200000.0 3520000.0 3840000.0 4160000.0 4480000.0 4800000.0 5120000.0 5440000.0 5760000.0 6080000.0 6400000.0 6720000.0 7040000.0 7360000.0 7680000.0 8000000.0 8320000.0 8640000.0 8960000.0 9280000.0 9600000.0
values: 1.5500000692904004 1.1313277276413634 0.5238854321733837 0.45483345609724063 0.5658004247379571 0.5402424219620146 0.52411464459283 0.4335178215297033 0.43655483112878624 0.37669603102036125 0.3794319235082121 0.3750016101170792 0.31840754884585315 0.42071834909466643 0.3297862288751966 0.25004397130525724 0.2647293217802276 0.26814525887471974 0.33970286567396957 0.2663617871425301 0.3687541338057423 0.3108309736508262 0.3866907853607239 0.28757596339026936 0.26933722322355336 0.30277835381476825 0.26394986363111983 0.30675305946477605 0.25058371666450785 0.3907833767814267 0.2984683145192889
seed: 1000
steps: 0.0 320000.0 640000.0 960000.0 1280000.0 1600000.0 1920000.0 2240000.0 2560000.0 2880000.0 3200000.0 3520000.0 3840000.0 4160000.0 4480000.0 4800000.0 5120000.0 5440000.0 5760000.0 6080000.0 6400000.0 6720000.0 7040000.0 7360000.0 7680000.0 8000000.0 8320000.0 8640000.0 8960000.0 9280000.0 9600000.0
values: 1.5500000692904004 1.2739267782865813 0.508355202879621 0.394455799821713 0.48087786591735204 0.45174584887403146 0.3192273525459147 0.321212842914581 0.2434101214387377 0.31150249104711797 0.29967779862225064 0.3344315468724148 0.23755116177667332 0.3039269823904487 0.36395056479102506 0.3703986556868186 0.34697584064135584 0.2815102601498145 0.3021139051107165 0.31871948107685405 0.2896141796038848 0.31757231025436605 0.24332981294472983 0.20205591684194163 0.3096085424937768 0.2817404459805871 0.34890809290806746 0.3367343172018436 0.3060575761167966 0.2746350371074422 0.37307605949259776
seed: 513
steps: 0.0 320000.0 640000.0 960000.0 1280000.0 1600000.0 1920000.0 2240000.0 2560000.0 2880000.0 3200000.0 3520000.0 3840000.0 4160000.0 4480000.0 4800000.0 5120000.0 5440000.0 5760000.0 6080000.0 6400000.0 6720000.0 7040000.0 7360000.0 7680000.0 8000000.0 8320000.0 8640000.0 8960000.0 9280000.0 9600000.0
values: 1.5500000692904004 1.2191496644934952 0.5110940084562348 0.39093680782545914 0.37059774898482 0.3105161250596902 0.2585529346551298 0.443714885744405 0.38836013743213854 0.4288775689789427 0.3805460358907058 0.35415927059468383 0.38849711120397923 0.4134585373780363 0.38680693246461234 0.3425133083005283 0.3814712678183101 0.358435684876914 0.31357385617803324 0.37099365187134403 0.4998144466664654 0.35027626016263097 0.3567270046909625 0.2966059987839311 0.2863326258660006 0.4746456253149567 0.3994621978070598 0.4177262619283214 0.47917821605732225 0.5676393881496384 0.38971181652985165
