algo_name: MMD
game_name: goofspiel_5
game_str: goofspiel Param: num_cards value: 5
metric: nash_conv
smoothing_window: -1
wm_warmup_env_step: -1
uniform_nash_conv: 1.5500000692904004
seed: 42
steps: 0.0 320000.0 640000.0 960000.0 1280000.0 1600000.0 1920000.0 2240000.0 2560000.0 2880000.0 3200000.0 3520000.0 3840000.0 4160000.0 4480000.0 4800000.0 5120000.0 5440000.0 5760000.0 6080000.0 6400000.0 6720000.0 7040000.0 7360000.0 7680000.0 8000000.0 8320000.0 8640000.0 8960000.0 9280000.0 9600000.0
values: 1.5500000692904004 0.5210278822329405 0.6722648264158655 0.6006232361766811 0.49386159202505997 0.6310074183849768 0.5862670868528568 0.5342722953920275 0.6017165358402801 0.5271313651499151 0.5251847466852901 0.47949429111751096 0.7232428001151122 0.5384921724169998 0.4923399710121572 0.5145833206439685 0.48554334188681625 0.5424563587309403 0.41068438111778105 0.4850546346154875 0.516662551051221 0.584231196331059 0.5582839589954648 0.48694704654631493 0.5460454801167345 0.625707341390805 0.4898547976351631 0.5297020383539978 0.5428493102966029 0.47394015120967126 0.47464519211134615
seed: 99
steps: 0.0 320000.0 640000.0 960000.0 1280000.0 1600000.0 1920000.0 2240000.0 2560000.0 2880000.0 3200000.0 3520000.0 3840000.0 4160000.0 4480000.0 4800000.0 5120000.0 5440000.0 5760000.0 6080000.0 6400000.0 6720000.0 7040000.0 7360000.0 7680000.0 8000000.0 8320000.0 8640000.0 8960000.0 9280000.0 9600000.0
values: 1.5500000692904004 0.6431651809353282 0.4637759186140439 0.6710053702884302 0.6320618184110658 0.49516688989537694 0.7169844883069196 0.4769413920711172 0.5435060216026799 0.5202319412869387 0.4663840674199472 0.5437618271177287 0.4739820628723886 0.5362262053966484 0.5172346472533533 0.5714266484507732 0.5466110979075427 0.6214423738797582 0.48157833343784506 0.6009188212522489 0.5983885272340722 0.5442282129196161 0.5888490293781599 0.48322082786782006 0.5255055171829844 0.4829414640776687 0.5419480063124121 0.5307773411263738 0.4546284392940986 0.5165184764094432 0.5466043401889462
seed: 150
steps: 0.0 320000.0 640000.0 960000.0 1280000.0 1600000.0 1920000.0 2240000.0 2560000.0 2880000.0 3200000.0 3520000.0 3840000.0 4160000.0 4480000.0 4800000.0 5120000.0 5440000.0 5760000.0 6080000.0 6400000.0 6720000.0 7040000.0 7360000.0 7680000.0 8000000.0 8320000.0 8640000.0 8960000.0 9280000.0 9600000.0
values: 1.5500000692904004 0.6851726468218649 0.6454612175605924 0.6199882485228163 0.6663960508660937 0.7263652509192533 0.46709748391467865 0.5657727212043697 0.7005861369992616 0.5379242705212011 0.4889539503272924 0.5348119006580351 0.5047819791294297 0.5332067799825292 0.5093289056168973 0.5080092098897598 0.5349627319200971 0.5020241471347904 0.5041655451238316 0.6108542876575971 0.536495590070911 0.48394434387726193 0.4990555268903455 0.4739253108192969 0.5116863909157654 0.4949042996127791 0.5215104123434398 0.5591329423665838 0.47800290236672416 0.5603748730262632 0.4506908043980933
seed: 160
steps: 0.0 320000.0 640000.0 960000.0 1280000.0 1600000.0 1920000.0 2240000.0 2560000.0 2880000.0 3200000.0 3520000.0 3840000.0 4160000.0 4480000.0 4800000.0 5120000.0 5440000.0 5760000.0 6080000.0 6400000.0 6720000.0 7040000.0 7360000.0 7680000.0 8000000.0 8320000.0 8640000.0 8960000.0 9280000.0 9600000.0
values: 1.5500000692904004 0.7214848537001983 0.6151968981294709 0.6310006224997968 0.5814500736911724 0.7135944112259602 0.5977503650977983 0.6683788196604092 0.46724426223218574 0.4009780401732346 0.5309232338783434 0.6050720001439295 0.5232200973822942 0.5855942076504472 0.4837877811809953 0.5417639559031127 0.4917349048609762 0.5533847825331365 0.4371425576173727 0.6447155806090518 0.4668272401219112 0.42957568981474825 0.5014569642006805 0.3849396452081165 0.4834956199678979 0.6027086583285588 0.516419063299549 0.4809843794543278 0.5857291563341727 0.5460267392155227 0.5187105675070522
seed: 308
steps: 0.0 320000.0 640000.0 960000.0 1280000.0 1600000.0 1920000.0 2240000.0 2560000.0 2880000.0 3200000.0 3520000.0 3840000.0 4160000.0 4480000.0 4800000.0 5120000.0 5440000.0 5760000.0 6080000.0 6400000.0 6720000.0 7040000.0 7360000.0 7680000.0 8000000.0 8320000.0 8640000.0 8960000.0 9280000.0 9600000.0
values: 1.5500000692904004 0.6816328179812665 0.6027544182184266 0.4610934432828271 0.56719048943643 0.6264809689302 0.6102898548405007 0.5392499532136177 0.5091105818258037 0.5759884773490683 0.6327328038975515 0.4952727910634571 0.6515251149291816 0.4604326435008841 0.598567875630475 0.45175179819050587 0.5211823541140617 0.448411027689993 0.5150890211367323 0.5115693470442032 0.5518430969811075 0.5077848466910495 0.5416954806266383 0.5674163650104789 0.48593325009154203 0.6366713153670445 0.5020552347998714 0.5240156115446641 0.5558345731502168 0.48902790579498556 0.5775083047578313
seed: 616
steps: 0.0 320000.0 640000.0 960000.0 1280000.0 1600000.0 1920000.0 2240000.0 2560000.0 2880000.0 3200000.0 3520000.0 3840000.0 4160000.0 4480000.0 4800000.0 5120000.0 5440000.0 5760000.0 6080000.0 6400000.0 6720000.0 7040000.0 7360000.0 7680000.0 8000000.0 8320000.0 8640000.0 8960000.0 9280000.0 9600000.0
values: 1.5500000692904004 0.6431468948770398 0.6322328340893111 0.5265339593214897 0.6195287106328528 0.49614817223492025 0.5482403878371894 0.5301952986181675 0.5268894865840947 0.5666986030644143 0.5273526277606652 0.5577975343556655 0.571298076247267 0.4627100064036859 0.44976148686622164 0.5062907122887409 0.5587133176760253 0.5382247713237645 0.5475679728343308 0.43724957948742604 0.46380411205131666 0.4371635317401764 0.5258120508979559 0.4219636685758839 0.49652616885130385 0.6284705263182809 0.49555669361017424 0.47035043003884225 0.5522153992151153 0.5535601054942465 0.5441059432032032
seed: 999
steps: 0.0 320000.0 640000.0 960000.0 1280000.0 1600000.0 1920000.0 2240000.0 2560000.0 2880000.0 3200000.0 3520000.0 3840000.0 4160000.0 4480000.0 4800000.0 5120000.0 5440000.0 5760000.0 6080000.0 6400000.0 6720000.0 7040000.0 7360000.0 7680000.0 8000000.0 8320000.0 8640000.0 8960000.0 9280000.0 9600000.0
values: 1.5500000692904004 0.6875662695573146 0.5318439240700188 0.58105949069098 0.5583016683539668 0.5725118446565527 0.6288574394319276 0.5859800830896003 0.5631008018058759 0.4931408455592771 0.5697739146423507 0.43933318168862445 0.562895551884959 0.6059678368224223 0.4598383579944035 0.5280505362492162 0.5232581553326308 0.5566144279121013 0.4109116870259149 0.48758874506822447 0.5054221146575779 0.5474093238244399 0.6246101612990342 0.511320509612484 0.49954098106790273 0.4396236245442581 0.6375546211771129 0.5859082387542026 0.44537286141890964 0.5143619412866871 0.47428505783132885
seed: 19
steps: 0.0 320000.0 640000.0 960000.0 1280000.0 1600000.0 1920000.0 2240000.0 2560000.0 2880000.0 3200000.0 3520000.0 3840000.0 4160000.0 4480000.0 4800000.0 5120000.0 5440000.0 5760000.0 6080000.0 6400000.0 6720000.0 7040000.0 7360000.0 7680000.0 8000000.0 8320000.0 8640000.0 8960000.0 9280000.0 9600000.0
values: 1.5500000692904004 0.6120283506286468 0.6304300793500377 0.5906650291005457 0.6390540463859035 0.5123055260735532 0.5280817734377967 0.5222149492899484 0.6481063543739636 0.5648141234612412 0.53631116173269 0.5910831708014499 0.4674460312985596 0.47150462212525873 0.4030896115491771 0.5536766683866214 0.5403278579255211 0.5520689383920543 0.4757050794137732 0.5460645807433365 0.48979816567838563 0.4607598016395432 0.4376606450747038 0.5725935083530549 0.47348516160380294 0.5605873599246094 0.5320622301601026 0.449452849301305 0.4451077457997108 0.5309178518994262 0.5269639405305251
seed: 1000
steps: 0.0 320000.0 640000.0 960000.0 1280000.0 1600000.0 1920000.0 2240000.0 2560000.0 2880000.0 3200000.0 3520000.0 3840000.0 4160000.0 4480000.0 4800000.0 5120000.0 5440000.0 5760000.0 6080000.0 6400000.0 6720000.0 7040000.0 7360000.0 7680000.0 8000000.0 8320000.0 8640000.0 8960000.0 9280000.0 9600000.0
values: 1.5500000692904004 0.597435019427776 0.8079451857649196 0.696442711752431 0.6678410797168605 0.6910436835538477 0.555407449777726 0.5472166649995995 0.5415450576151516 0.5641981238868374 0.4323013152139622 0.48925052297624194 0.541610671002146 0.5082721645030943 0.5111626184708229 0.5583406027412874 0.4458768407232533 0.4566087842787656 0.5266164059115326 0.4831401071721029 0.501313531267878 0.42872354174984695 0.5226701180856226 0.6080980511001792 0.4468799351343458 0.504246259276479 0.36375011271848134 0.5352300574741913 0.4186283308097618 0.5033199446657115 0.5640548667002874
seed: 513
steps: 0.0 320000.0 640000.0 960000.0 1280000.0 1600000.0 1920000.0 2240000.0 2560000.0 2880000.0 3200000.0 3520000.0 3840000.0 4160000.0 4480000.0 4800000.0 5120000.0 5440000.0 5760000.0 6080000.0 6400000.0 6720000.0 7040000.0 7360000.0 7680000.0 8000000.0 8320000.0 8640000.0 8960000.0 9280000.0 9600000.0
values: 1.5500000692904004 0.7725520896941029 0.731434526362555 0.5678225675926287 0.5956727455862636 0.6268413243591722 0.5529755093479788 0.543352946215852 0.5059240974614725 0.6325251424756653 0.48431238148501804 0.5784777686952856 0.5452749529892533 0.4979215617237041 0.5982187989253348 0.6141350334483137 0.5159812217481996 0.46118005594229416 0.5375628110317248 0.5373039984476684 0.4228797078351654 0.5239794488662335 0.6478839830308785 0.4579156117453691 0.4611834683039602 0.48697966128639353 0.4893469384588883 0.5135983023282639 0.44108666076212677 0.5321210047261806 0.563264601164787
